1 0.52734375 0.455555555556 0.0359375 0.15
0 0.4015625 0.359722222222 0.06328125 0.181944444444
1 0.61796875 0.35 0.0453125 0.136111111111
0 0.61796875 0.343055555556 0.0421875 0.123611111111
1 0.46328125 0.375 0.04921875 0.106944444444
1 0.25234375 0.469444444444 0.04453125 0.143055555556
0 0.25859375 0.529166666667 0.0515625 0.169444444444
1 0.54296875 0.3 0.05546875 0.181944444444
0 0.665625 0.304166666667 0.0453125 0.130555555556
0 0.53671875 0.508333333333 0.04375 0.129166666667
1 0.89609375 0.401388888889 0.0546875 0.138888888889
0 0.42421875 0.377777777778 0.03125 0.126388888889
