1 0.4234375 0.569444444444 0.03203125 0.127777777778
0 0.59140625 0.631944444444 0.04609375 0.152777777778
1 0.27265625 0.5125 0.03125 0.129166666667
1 0.58203125 0.444444444444 0.03671875 0.133333333333
0 0.26875 0.306944444444 0.021875 0.104166666667
0 0.02578125 0.273611111111 0.0265625 0.0861111111111
1 0.41640625 0.373611111111 0.03515625 0.1
0 0.55859375 0.325 0.040625 0.106944444444
0 0.3390625 0.438888888889 0.03203125 0.130555555556
1 0.15234375 0.366666666667 0.034375 0.105555555556
0 0.82578125 0.465277777778 0.03125 0.134722222222
0 0.290625 0.595833333333 0.028125 0.119444444444
1 0.0703125 0.452777777778 0.03125 0.125
