0 0.38984375 0.377777777778 0.0265625 0.0930555555556
1 0.53203125 0.329166666667 0.0265625 0.0861111111111
1 0.70546875 0.422222222222 0.02578125 0.104166666667
0 0.5328125 0.315277777778 0.0296875 0.1125
0 0.809375 0.390277777778 0.02890625 0.0958333333333
1 0.71640625 0.343055555556 0.02578125 0.0875
0 0.96953125 0.333333333333 0.02890625 0.0958333333333
1 0.88984375 0.383333333333 0.0234375 0.0930555555556
1 0.3125 0.441666666667 0.02421875 0.115277777778
0 0.62421875 0.5625 0.03828125 0.120833333333
1 0.33203125 0.3875 0.021875 0.0888888888889
0 0.125 0.890277777778 0.05 0.102777777778
0 0.23359375 0.304166666667 0.034375 0.0930555555556
1 0.2265625 0.319444444444 0.02578125 0.0708333333333
0 0.11875 0.3625 0.02734375 0.1
1 0.0796875 0.3625 0.02578125 0.105555555556
1 0.04921875 0.445833333333 0.03359375 0.113888888889
1 0.0 0.534722222222 0.040625 0.119444444444
