0 0.4078125 0.379166666667 0.02421875 0.0833333333333
1 0.5125 0.384722222222 0.02890625 0.115277777778
0 0.64765625 0.344444444444 0.02890625 0.0958333333333
1 0.4015625 0.322222222222 0.040625 0.136111111111
1 0.646875 0.3375 0.02734375 0.108333333333
1 0.2921875 0.394444444444 0.02578125 0.120833333333
0 0.4890625 0.497222222222 0.034375 0.109722222222
1 0.31875 0.344444444444 0.01953125 0.0805555555556
0 0.27109375 0.293055555556 0.0328125 0.0888888888889
0 0.4109375 0.404166666667 0.01796875 0.0541666666667
1 0.4078125 0.316666666667 0.028125 0.0819444444444
1 0.125 0.284722222222 0.03359375 0.109722222222
0 0.86015625 0.301388888889 0.03828125 0.115277777778
