1 0.4171875 0.563888888889 0.03203125 0.127777777778
0 0.57734375 0.630555555556 0.04609375 0.152777777778
1 0.26875 0.509722222222 0.0328125 0.136111111111
1 0.575 0.445833333333 0.03671875 0.133333333333
0 0.259375 0.305555555556 0.021875 0.104166666667
0 0.01953125 0.270833333333 0.0265625 0.0861111111111
1 0.4046875 0.373611111111 0.03515625 0.1
0 0.55546875 0.330555555556 0.040625 0.106944444444
0 0.3296875 0.4375 0.03203125 0.130555555556
1 0.140625 0.363888888889 0.034375 0.105555555556
0 0.8140625 0.4625 0.03125 0.134722222222
0 0.2859375 0.591666666667 0.028125 0.119444444444
1 0.0578125 0.456944444444 0.0328125 0.131944444444
