1 0.53359375 0.558333333333 0.03046875 0.120833333333
0 0.82421875 0.618055555556 0.05078125 0.169444444444
1 0.3234375 0.502777777778 0.0328125 0.136111111111
1 0.69453125 0.427777777778 0.03203125 0.115277777778
0 0.4109375 0.297222222222 0.02265625 0.109722222222
0 0.08359375 0.286111111111 0.0265625 0.0861111111111
1 0.54765625 0.340277777778 0.03359375 0.0958333333333
0 0.60078125 0.340277777778 0.03359375 0.0875
0 0.48203125 0.4125 0.03828125 0.156944444444
1 0.32578125 0.334722222222 0.03125 0.0958333333333
0 0.3703125 0.5875 0.02578125 0.108333333333
1 0.178125 0.4125 0.03125 0.125
1 0.06015625 0.308333333333 0.03203125 0.0902777777778
0 0.05703125 0.386111111111 0.03515625 0.109722222222
1 0.00078125 0.390277777778 0.03046875 0.106944444444
