1 0.49375 0.5625 0.03046875 0.120833333333
0 0.74296875 0.630555555556 0.04609375 0.152777777778
1 0.315625 0.511111111111 0.03125 0.129166666667
1 0.65625 0.431944444444 0.03359375 0.120833333333
0 0.3625 0.302777777778 0.021875 0.104166666667
0 0.07421875 0.280555555556 0.02734375 0.0902777777778
1 0.5140625 0.352777777778 0.03515625 0.1
0 0.58984375 0.325 0.03359375 0.0875
0 0.4296875 0.422222222222 0.03671875 0.15
1 0.26953125 0.351388888889 0.03125 0.0958333333333
0 0.93203125 0.469444444444 0.03125 0.134722222222
0 0.3484375 0.588888888889 0.028125 0.119444444444
1 0.1484375 0.419444444444 0.0328125 0.131944444444
1 0.04375 0.3125 0.03515625 0.1
0 0.02734375 0.394444444444 0.03515625 0.109722222222
