0 0.221875 0.415277777778 0.0265625 0.0930555555556
1 0.32734375 0.373611111111 0.02890625 0.0944444444444
1 0.57421875 0.466666666667 0.03046875 0.120833333333
0 0.4515625 0.348611111111 0.02734375 0.102777777778
0 0.67109375 0.404166666667 0.02890625 0.0958333333333
1 0.61953125 0.351388888889 0.02265625 0.075
0 0.74453125 0.3375 0.0265625 0.0875
1 0.76953125 0.394444444444 0.0234375 0.0930555555556
1 0.15625 0.481944444444 0.02421875 0.115277777778
0 0.36953125 0.6 0.03984375 0.126388888889
1 0.1296875 0.429166666667 0.0234375 0.0972222222222
