1 0.521875 0.565277777778 0.03046875 0.120833333333
0 0.80078125 0.626388888889 0.0484375 0.161111111111
1 0.32109375 0.501388888889 0.0328125 0.136111111111
1 0.68359375 0.433333333333 0.03203125 0.115277777778
0 0.39609375 0.301388888889 0.02109375 0.0986111111111
0 0.0828125 0.280555555556 0.0265625 0.0861111111111
1 0.53671875 0.343055555556 0.03359375 0.0958333333333
0 0.5890625 0.343055555556 0.03359375 0.0875
0 0.46640625 0.404166666667 0.03671875 0.15
1 0.309375 0.3375 0.03125 0.0958333333333
0 0.96640625 0.468055555556 0.0328125 0.141666666667
0 0.36484375 0.5875 0.02578125 0.108333333333
1 0.16875 0.413888888889 0.0328125 0.131944444444
1 0.05625 0.309722222222 0.03203125 0.0902777777778
0 0.04765625 0.388888888889 0.03515625 0.109722222222
