1 0.4015625 0.551388888889 0.03203125 0.127777777778
0 0.50859375 0.623611111111 0.04609375 0.152777777778
1 0.25 0.504166666667 0.034375 0.143055555556
1 0.540625 0.434722222222 0.03203125 0.115277777778
0 0.23203125 0.318055555556 0.01875 0.0902777777778
0 0.0015625 0.256944444444 0.0265625 0.0861111111111
1 0.36015625 0.373611111111 0.03515625 0.1
0 0.53359375 0.309722222222 0.0421875 0.1125
0 0.30234375 0.420833333333 0.03046875 0.123611111111
1 0.09453125 0.3625 0.0296875 0.0902777777778
0 0.77421875 0.447222222222 0.02734375 0.116666666667
0 0.29921875 0.580555555556 0.028125 0.119444444444
