0 0.5328125 0.373611111111 0.0234375 0.0805555555556
1 0.64296875 0.368055555556 0.02734375 0.109722222222
0 0.79765625 0.351388888889 0.03046875 0.1
1 0.51875 0.35 0.03671875 0.122222222222
1 0.79765625 0.343055555556 0.028125 0.1125
1 0.41640625 0.384722222222 0.02421875 0.115277777778
0 0.6578125 0.486111111111 0.034375 0.109722222222
1 0.5015625 0.343055555556 0.021875 0.0888888888889
0 0.40859375 0.291666666667 0.034375 0.0930555555556
0 0.1671875 0.351388888889 0.02890625 0.105555555556
1 0.1421875 0.331944444444 0.02734375 0.111111111111
1 0.0828125 0.393055555556 0.03515625 0.119444444444
1 0.02265625 0.516666666667 0.040625 0.119444444444
0 0.53203125 0.383333333333 0.0234375 0.0694444444444
1 0.51171875 0.301388888889 0.0359375 0.104166666667
1 0.33046875 0.2875 0.03203125 0.104166666667
0 0.93359375 0.305555555556 0.034375 0.105555555556
