1 0.896875 0.475 0.0359375 0.15
0 0.95625 0.322222222222 0.02890625 0.0944444444444
0 0.56171875 0.331944444444 0.04296875 0.123611111111
1 0.52734375 0.348611111111 0.04609375 0.118055555556
1 0.85078125 0.373611111111 0.0546875 0.166666666667
0 0.8453125 0.363888888889 0.04453125 0.129166666667
1 0.80078125 0.294444444444 0.05859375 0.141666666667
1 0.6984375 0.370833333333 0.04921875 0.106944444444
1 0.4609375 0.473611111111 0.04375 0.141666666667
0 0.4984375 0.693055555556 0.05703125 0.1875
