0 0.4203125 0.380555555556 0.02421875 0.0833333333333
1 0.5296875 0.381944444444 0.02734375 0.109722222222
0 0.6609375 0.348611111111 0.02890625 0.0958333333333
1 0.4109375 0.320833333333 0.040625 0.136111111111
1 0.659375 0.338888888889 0.028125 0.1125
1 0.30625 0.391666666667 0.02578125 0.120833333333
0 0.51015625 0.490277777778 0.034375 0.109722222222
1 0.3390625 0.351388888889 0.01953125 0.0805555555556
0 0.28515625 0.291666666667 0.0328125 0.0888888888889
0 0.015625 0.345833333333 0.03515625 0.127777777778
1 0.0015625 0.338888888889 0.0296875 0.122222222222
0 0.42734375 0.402777777778 0.01953125 0.0569444444444
1 0.41796875 0.3125 0.0296875 0.0861111111111
1 0.14765625 0.283333333333 0.03359375 0.109722222222
0 0.86953125 0.305555555556 0.0359375 0.109722222222
