0 0.33828125 0.393055555556 0.02578125 0.0875
1 0.5015625 0.345833333333 0.02734375 0.0902777777778
1 0.66640625 0.438888888889 0.02578125 0.104166666667
0 0.51484375 0.329166666667 0.0328125 0.123611111111
0 0.7578125 0.398611111111 0.03046875 0.1
1 0.6828125 0.345833333333 0.02578125 0.0875
0 0.9015625 0.334722222222 0.02890625 0.0958333333333
1 0.8484375 0.3875 0.02421875 0.0972222222222
1 0.2609375 0.448611111111 0.02421875 0.115277777778
0 0.56015625 0.580555555556 0.0359375 0.115277777778
1 0.28203125 0.405555555556 0.0234375 0.0972222222222
0 0.08671875 0.894444444444 0.05 0.102777777778
0 0.14296875 0.3125 0.0296875 0.0805555555556
1 0.109375 0.327777777778 0.025 0.0680555555556
0 0.053125 0.370833333333 0.02890625 0.105555555556
1 0.02109375 0.379166666667 0.02421875 0.1
1 0.00859375 0.458333333333 0.03359375 0.113888888889
