1 0.390625 0.379166666667 0.03203125 0.126388888889
0 0.51640625 0.327777777778 0.03203125 0.105555555556
0 0.31875 0.477777777778 0.0359375 0.115277777778
0 0.753125 0.280555555556 0.03125 0.0958333333333
0 0.290625 0.283333333333 0.02578125 0.0902777777778
1 0.3359375 0.305555555556 0.0359375 0.131944444444
0 0.26796875 0.365277777778 0.0359375 0.0736111111111
0 0.87578125 0.569444444444 0.053125 0.177777777778
0 0.94609375 0.373611111111 0.03671875 0.123611111111
1 0.14921875 0.379166666667 0.0328125 0.136111111111
1 0.115625 0.329166666667 0.03125 0.122222222222
1 0.15390625 0.319444444444 0.02890625 0.113888888889
0 0.171875 0.268055555556 0.03515625 0.113888888889
1 0.5 0.320833333333 0.03515625 0.127777777778
