1 0.4984375 0.568055555556 0.03046875 0.120833333333
0 0.753125 0.631944444444 0.04609375 0.152777777778
1 0.3171875 0.509722222222 0.03125 0.129166666667
1 0.66171875 0.436111111111 0.03359375 0.120833333333
0 0.36953125 0.301388888889 0.021875 0.104166666667
0 0.07734375 0.280555555556 0.02734375 0.0902777777778
1 0.51796875 0.351388888889 0.03671875 0.105555555556
0 0.590625 0.323611111111 0.03359375 0.0875
0 0.4359375 0.419444444444 0.03671875 0.15
1 0.27578125 0.352777777778 0.03125 0.0958333333333
0 0.93828125 0.466666666667 0.03125 0.134722222222
0 0.35078125 0.586111111111 0.028125 0.119444444444
1 0.15234375 0.418055555556 0.034375 0.138888888889
1 0.04765625 0.309722222222 0.03515625 0.1
0 0.03203125 0.393055555556 0.03515625 0.109722222222
