1 0.2984375 0.395833333333 0.02734375 0.109722222222
0 0.43046875 0.2875 0.0390625 0.127777777778
0 0.225 0.5 0.034375 0.109722222222
0 0.55625 0.258333333333 0.028125 0.0861111111111
0 0.1328125 0.243055555556 0.03515625 0.120833333333
1 0.24765625 0.276388888889 0.034375 0.125
0 0.13203125 0.275 0.034375 0.0694444444444
0 0.74375 0.569444444444 0.053125 0.177777777778
0 0.81953125 0.344444444444 0.03671875 0.123611111111
1 0.0390625 0.369444444444 0.0359375 0.15
1 0.0765625 0.273611111111 0.02734375 0.108333333333
0 0.06796875 0.236111111111 0.03515625 0.113888888889
1 0.4296875 0.288888888889 0.0390625 0.140277777778
