1 0.3046875 0.386111111111 0.02890625 0.115277777778
0 0.4203125 0.2875 0.040625 0.134722222222
0 0.2234375 0.493055555556 0.0359375 0.115277777778
0 0.57734375 0.265277777778 0.0296875 0.0902777777778
0 0.15859375 0.245833333333 0.03203125 0.109722222222
1 0.2484375 0.276388888889 0.034375 0.125
0 0.1453125 0.304166666667 0.0328125 0.0666666666667
0 0.7625 0.570833333333 0.053125 0.177777777778
0 0.8296875 0.343055555556 0.0390625 0.130555555556
1 0.034375 0.365277777778 0.03984375 0.165277777778
1 0.06328125 0.2875 0.02734375 0.108333333333
0 0.06328125 0.2375 0.03515625 0.113888888889
1 0.41953125 0.286111111111 0.0390625 0.140277777778
