1 0.515625 0.565277777778 0.03046875 0.120833333333
0 0.7875 0.623611111111 0.0484375 0.161111111111
1 0.3203125 0.506944444444 0.0328125 0.136111111111
1 0.6765625 0.436111111111 0.03203125 0.115277777778
0 0.38828125 0.301388888889 0.021875 0.104166666667
0 0.0796875 0.283333333333 0.0265625 0.0861111111111
1 0.53203125 0.345833333333 0.03359375 0.0958333333333
0 0.58359375 0.340277777778 0.03515625 0.0930555555556
0 0.45703125 0.4125 0.03671875 0.15
1 0.3 0.340277777778 0.03125 0.0958333333333
0 0.959375 0.470833333333 0.03125 0.134722222222
0 0.3609375 0.591666666667 0.02578125 0.108333333333
1 0.16328125 0.415277777778 0.0328125 0.131944444444
1 0.05703125 0.306944444444 0.03359375 0.0958333333333
0 0.04375 0.388888888889 0.03359375 0.104166666667
