1 0.4015625 0.559722222222 0.03203125 0.127777777778
0 0.52109375 0.626388888889 0.04609375 0.152777777778
1 0.25390625 0.511111111111 0.0328125 0.136111111111
1 0.54765625 0.444444444444 0.03359375 0.120833333333
0 0.2375 0.313888888889 0.02109375 0.0986111111111
0 0.00234375 0.2625 0.025 0.0819444444444
1 0.365625 0.366666666667 0.03671875 0.105555555556
0 0.534375 0.3125 0.0421875 0.1125
0 0.3046875 0.418055555556 0.03046875 0.123611111111
1 0.1015625 0.361111111111 0.03125 0.0958333333333
0 0.77578125 0.448611111111 0.028125 0.122222222222
0 0.28984375 0.584722222222 0.02734375 0.113888888889
1 0.0109375 0.45 0.0328125 0.131944444444
