1 0.47265625 0.465277777778 0.034375 0.143055555556
0 0.35390625 0.393055555556 0.0578125 0.165277777778
1 0.653125 0.354166666667 0.0453125 0.136111111111
0 0.65 0.355555555556 0.03359375 0.0958333333333
1 0.45546875 0.4 0.04921875 0.106944444444
1 0.215625 0.470833333333 0.046875 0.15
0 0.22890625 0.511111111111 0.06015625 0.197222222222
1 0.578125 0.309722222222 0.05 0.165277777778
0 0.66953125 0.297222222222 0.05234375 0.151388888889
0 0.41796875 0.491666666667 0.04375 0.129166666667
1 0.89765625 0.395833333333 0.0578125 0.145833333333
0 0.41015625 0.404166666667 0.034375 0.140277777778
1 0.94765625 0.506944444444 0.04453125 0.148611111111
