0 0.45703125 0.363888888889 0.0265625 0.0930555555556
1 0.69140625 0.394444444444 0.02734375 0.109722222222
0 0.86015625 0.379166666667 0.03046875 0.1
1 0.61328125 0.333333333333 0.02734375 0.0916666666667
1 0.8859375 0.373611111111 0.02734375 0.108333333333
1 0.378125 0.416666666667 0.02421875 0.115277777778
0 0.68671875 0.527777777778 0.03828125 0.120833333333
1 0.4140625 0.363888888889 0.02265625 0.0930555555556
0 0.0921875 0.875 0.05 0.102777777778
0 0.38125 0.306944444444 0.034375 0.0930555555556
0 0.18203125 0.35 0.02890625 0.105555555556
1 0.1484375 0.3375 0.02734375 0.111111111111
1 0.078125 0.409722222222 0.03359375 0.113888888889
1 0.0015625 0.533333333333 0.040625 0.119444444444
0 0.5453125 0.325 0.0328125 0.0972222222222
1 0.52578125 0.325 0.0296875 0.0861111111111
1 0.35390625 0.306944444444 0.02578125 0.0861111111111
