0 0.23125 0.4125 0.0265625 0.0930555555556
1 0.3453125 0.369444444444 0.02734375 0.0902777777778
1 0.58046875 0.459722222222 0.03046875 0.120833333333
0 0.4578125 0.344444444444 0.028125 0.106944444444
0 0.678125 0.405555555556 0.02890625 0.0958333333333
1 0.62421875 0.347222222222 0.0234375 0.0791666666667
0 0.75625 0.334722222222 0.0265625 0.0875
1 0.77578125 0.395833333333 0.0234375 0.0930555555556
1 0.16484375 0.481944444444 0.02421875 0.115277777778
0 0.38671875 0.595833333333 0.03828125 0.120833333333
1 0.140625 0.427777777778 0.0234375 0.0972222222222
0 0.00390625 0.893055555556 0.05234375 0.108333333333
