1 0.3046875 0.397222222222 0.0265625 0.104166666667
0 0.4515625 0.270833333333 0.04765625 0.155555555556
0 0.2484375 0.497222222222 0.0359375 0.115277777778
0 0.55078125 0.233333333333 0.03125 0.0958333333333
0 0.12578125 0.209722222222 0.0421875 0.145833333333
1 0.2609375 0.244444444444 0.0359375 0.131944444444
0 0.128125 0.256944444444 0.034375 0.0694444444444
0 0.73828125 0.5875 0.04609375 0.154166666667
0 0.84296875 0.331944444444 0.03515625 0.118055555556
1 0.059375 0.369444444444 0.034375 0.143055555556
1 0.10625 0.261111111111 0.02734375 0.108333333333
0 0.07734375 0.204166666667 0.03515625 0.113888888889
1 0.45390625 0.276388888889 0.040625 0.148611111111
