1 0.615625 0.4625 0.0359375 0.15
0 0.48828125 0.343055555556 0.05234375 0.15
1 0.5390625 0.383333333333 0.0359375 0.0916666666667
1 0.65625 0.3625 0.04765625 0.143055555556
0 0.66015625 0.348611111111 0.03671875 0.106944444444
1 0.53203125 0.370833333333 0.046875 0.101388888889
1 0.36953125 0.475 0.0421875 0.136111111111
0 0.35234375 0.580555555556 0.0546875 0.179166666667
1 0.56796875 0.358333333333 0.053125 0.173611111111
0 0.75234375 0.3125 0.040625 0.119444444444
0 0.7515625 0.516666666667 0.0484375 0.143055555556
