1 0.56875 0.483333333333 0.03828125 0.156944444444
0 0.3765625 0.283333333333 0.0359375 0.115277777778
0 0.13203125 0.358333333333 0.0453125 0.129166666667
1 0.115625 0.394444444444 0.04609375 0.118055555556
0 0.73359375 0.551388888889 0.0484375 0.148611111111
1 0.903125 0.558333333333 0.046875 0.151388888889
0 0.91875 0.416666666667 0.046875 0.143055555556
1 0.8484375 0.313888888889 0.03671875 0.125
0 0.7828125 0.275 0.05234375 0.1625
1 0.7109375 0.325 0.06484375 0.127777777778
1 0.43125 0.359722222222 0.05234375 0.158333333333
0 0.40078125 0.331944444444 0.0421875 0.123611111111
1 0.32734375 0.290277777778 0.0484375 0.116666666667
1 0.2765625 0.347222222222 0.0546875 0.118055555556
1 0.05859375 0.548611111111 0.0484375 0.156944444444
