1 0.67890625 0.477777777778 0.0328125 0.136111111111
0 0.55625 0.3625 0.04765625 0.136111111111
1 0.559375 0.395833333333 0.03828125 0.0972222222222
1 0.6796875 0.380555555556 0.04765625 0.143055555556
0 0.68515625 0.3625 0.040625 0.116666666667
1 0.5625 0.408333333333 0.0421875 0.0930555555556
1 0.4140625 0.4625 0.0421875 0.136111111111
0 0.40625 0.608333333333 0.05703125 0.1875
1 0.62734375 0.363888888889 0.04765625 0.158333333333
0 0.81875 0.311111111111 0.04765625 0.1375
0 0.87421875 0.552777777778 0.053125 0.158333333333
