1 0.5921875 0.554166666667 0.02890625 0.115277777778
0 0.92421875 0.622222222222 0.05078125 0.169444444444
1 0.3390625 0.502777777778 0.0328125 0.136111111111
1 0.75234375 0.429166666667 0.03203125 0.115277777778
0 0.4859375 0.306944444444 0.0234375 0.115277777778
0 0.10546875 0.293055555556 0.028125 0.0902777777778
1 0.57578125 0.327777777778 0.03359375 0.0958333333333
0 0.6296875 0.340277777778 0.0265625 0.0680555555556
0 0.55703125 0.415277777778 0.03515625 0.143055555556
1 0.39453125 0.338888888889 0.0296875 0.0916666666667
0 0.409375 0.580555555556 0.02734375 0.113888888889
1 0.21484375 0.404166666667 0.0296875 0.119444444444
1 0.07421875 0.306944444444 0.03203125 0.0902777777778
0 0.09453125 0.386111111111 0.03359375 0.104166666667
1 0.03671875 0.381944444444 0.03046875 0.106944444444
