1 0.7015625 0.480555555556 0.034375 0.143055555556
0 0.5703125 0.368055555556 0.0453125 0.129166666667
1 0.56875 0.379166666667 0.03828125 0.0972222222222
1 0.6953125 0.379166666667 0.05 0.151388888889
0 0.70234375 0.361111111111 0.040625 0.116666666667
1 0.578125 0.415277777778 0.0421875 0.0930555555556
1 0.42734375 0.458333333333 0.04453125 0.143055555556
0 0.42109375 0.611111111111 0.0625 0.206944444444
1 0.65 0.370833333333 0.0453125 0.15
0 0.83984375 0.315277777778 0.04765625 0.1375
0 0.91015625 0.554166666667 0.053125 0.158333333333
