1 0.403125 0.458333333333 0.02890625 0.115277777778
0 0.559375 0.273611111111 0.0578125 0.188888888889
0 0.51328125 0.488888888889 0.0265625 0.0861111111111
0 0.6453125 0.223611111111 0.0296875 0.0902777777778
0 0.2109375 0.169444444444 0.046875 0.161111111111
1 0.36640625 0.2 0.0421875 0.152777777778
0 0.21015625 0.269444444444 0.0359375 0.0736111111111
0 0.67421875 0.583333333333 0.05078125 0.169444444444
0 0.93671875 0.334722222222 0.03515625 0.118055555556
1 0.175 0.406944444444 0.034375 0.143055555556
1 0.18671875 0.233333333333 0.02734375 0.108333333333
0 0.178125 0.195833333333 0.03515625 0.113888888889
1 0.55546875 0.326388888889 0.03359375 0.122222222222
1 0.1109375 0.336111111111 0.03359375 0.108333333333
