1 0.5484375 0.602777777778 0.03359375 0.133333333333
0 0.634375 0.580555555556 0.02734375 0.0861111111111
0 0.6046875 0.619444444444 0.04609375 0.152777777778
1 0.3578125 0.531944444444 0.0328125 0.136111111111
1 0.609375 0.461111111111 0.03046875 0.109722222222
1 0.0765625 0.434722222222 0.03203125 0.104166666667
1 0.08984375 0.309722222222 0.0265625 0.0972222222222
0 0.31015625 0.330555555556 0.01796875 0.0861111111111
0 0.20234375 0.230555555556 0.025 0.0819444444444
1 0.4375 0.373611111111 0.03671875 0.105555555556
0 0.7578125 0.306944444444 0.04453125 0.118055555556
0 0.48671875 0.388888888889 0.02734375 0.1125
0 0.1859375 0.336111111111 0.034375 0.126388888889
1 0.18359375 0.334722222222 0.0359375 0.109722222222
