1 0.5375 0.556944444444 0.03046875 0.120833333333
0 0.82890625 0.620833333333 0.0484375 0.161111111111
1 0.3234375 0.506944444444 0.0328125 0.136111111111
1 0.69609375 0.429166666667 0.03203125 0.115277777778
0 0.41484375 0.297222222222 0.02265625 0.109722222222
0 0.08359375 0.286111111111 0.0265625 0.0861111111111
1 0.5484375 0.340277777778 0.03359375 0.0958333333333
0 0.6015625 0.341666666667 0.03203125 0.0833333333333
0 0.4875 0.415277777778 0.03671875 0.15
1 0.32890625 0.3375 0.03125 0.0958333333333
0 0.37109375 0.588888888889 0.02578125 0.108333333333
1 0.1796875 0.4125 0.03125 0.125
1 0.05859375 0.308333333333 0.03203125 0.0902777777778
0 0.05859375 0.3875 0.03515625 0.109722222222
1 0.00234375 0.391666666667 0.03046875 0.106944444444
