0 0.43046875 0.375 0.02578125 0.0875
1 0.70859375 0.409722222222 0.02734375 0.109722222222
0 0.84453125 0.380555555556 0.03046875 0.1
1 0.678125 0.334722222222 0.02734375 0.0916666666667
1 0.8984375 0.375 0.02734375 0.108333333333
1 0.3515625 0.423611111111 0.02421875 0.115277777778
0 0.6703125 0.547222222222 0.034375 0.109722222222
1 0.36484375 0.373611111111 0.021875 0.0888888888889
0 0.12421875 0.876388888889 0.05234375 0.108333333333
0 0.328125 0.306944444444 0.0328125 0.0888888888889
1 0.328125 0.319444444444 0.02890625 0.0791666666667
0 0.17265625 0.355555555556 0.02578125 0.0958333333333
1 0.13203125 0.345833333333 0.02734375 0.111111111111
1 0.06328125 0.425 0.03359375 0.113888888889
1 0.00390625 0.525 0.04296875 0.125
0 0.54140625 0.323611111111 0.03125 0.0930555555556
1 0.51796875 0.319444444444 0.0296875 0.0861111111111
