1 0.37265625 0.3875 0.02890625 0.115277777778
0 0.49375 0.322222222222 0.03046875 0.1
0 0.290625 0.480555555556 0.034375 0.109722222222
0 0.7140625 0.275 0.03125 0.0958333333333
0 0.26953125 0.276388888889 0.02578125 0.0902777777778
1 0.31640625 0.298611111111 0.0359375 0.131944444444
0 0.23984375 0.347222222222 0.0375 0.0777777777778
0 0.8546875 0.575 0.053125 0.177777777778
0 0.92109375 0.363888888889 0.0390625 0.130555555556
1 0.11796875 0.381944444444 0.0328125 0.136111111111
1 0.075 0.333333333333 0.03125 0.122222222222
1 0.12421875 0.3125 0.02890625 0.113888888889
0 0.14765625 0.261111111111 0.03515625 0.113888888889
1 0.48203125 0.313888888889 0.03671875 0.134722222222
