1 0.38359375 0.380555555556 0.03046875 0.120833333333
0 0.5046875 0.320833333333 0.03203125 0.105555555556
0 0.30390625 0.483333333333 0.034375 0.109722222222
0 0.73359375 0.279166666667 0.03125 0.0958333333333
0 0.28125 0.276388888889 0.02578125 0.0902777777778
1 0.32578125 0.3 0.0359375 0.131944444444
0 0.25390625 0.354166666667 0.0375 0.0777777777778
0 0.86484375 0.568055555556 0.053125 0.177777777778
0 0.93359375 0.370833333333 0.0390625 0.130555555556
1 0.134375 0.376388888889 0.0328125 0.136111111111
1 0.09609375 0.330555555556 0.03125 0.122222222222
1 0.1390625 0.315277777778 0.02890625 0.113888888889
0 0.1609375 0.265277777778 0.03515625 0.113888888889
1 0.49140625 0.3125 0.03671875 0.134722222222
