0 0.39921875 0.379166666667 0.02421875 0.0833333333333
1 0.5046875 0.383333333333 0.02890625 0.115277777778
0 0.6390625 0.345833333333 0.02734375 0.0916666666667
1 0.3953125 0.320833333333 0.040625 0.136111111111
1 0.6375 0.336111111111 0.028125 0.1125
1 0.28359375 0.395833333333 0.02578125 0.120833333333
0 0.47890625 0.493055555556 0.034375 0.109722222222
1 0.30625 0.361111111111 0.01953125 0.0805555555556
0 0.26328125 0.291666666667 0.0328125 0.0888888888889
0 0.40234375 0.404166666667 0.01796875 0.0541666666667
1 0.40234375 0.315277777778 0.028125 0.0819444444444
1 0.11328125 0.284722222222 0.03359375 0.109722222222
0 0.8546875 0.301388888889 0.03828125 0.115277777778
