0 0.121875 0.4375 0.028125 0.0972222222222
1 0.17734375 0.406944444444 0.0265625 0.0861111111111
1 0.48515625 0.501388888889 0.02734375 0.109722222222
0 0.3890625 0.370833333333 0.02421875 0.0930555555556
0 0.57265625 0.430555555556 0.03046875 0.1
1 0.53984375 0.358333333333 0.025 0.0833333333333
0 0.6078125 0.347222222222 0.0265625 0.0875
1 0.67109375 0.416666666667 0.02265625 0.0888888888889
1 0.06328125 0.513888888889 0.02421875 0.115277777778
0 0.175 0.608333333333 0.03828125 0.120833333333
1 0.00859375 0.456944444444 0.02265625 0.0930555555556
