0 0.21640625 0.416666666667 0.0265625 0.0930555555556
1 0.3203125 0.375 0.02890625 0.0944444444444
1 0.5703125 0.463888888889 0.03203125 0.126388888889
0 0.44921875 0.347222222222 0.02734375 0.102777777778
0 0.665625 0.405555555556 0.02890625 0.0958333333333
1 0.615625 0.35 0.02265625 0.075
0 0.73671875 0.3375 0.0265625 0.0875
1 0.76484375 0.398611111111 0.0234375 0.0930555555556
1 0.153125 0.481944444444 0.02421875 0.115277777778
0 0.36171875 0.602777777778 0.03984375 0.126388888889
1 0.1234375 0.430555555556 0.0234375 0.0972222222222
