0 0.4875 0.388888888889 0.02421875 0.0833333333333
1 0.590625 0.376388888889 0.02734375 0.109722222222
0 0.7234375 0.345833333333 0.03046875 0.1
1 0.46953125 0.319444444444 0.03828125 0.129166666667
1 0.72421875 0.336111111111 0.0296875 0.119444444444
1 0.3671875 0.388888888889 0.02421875 0.115277777778
0 0.58828125 0.488888888889 0.034375 0.109722222222
1 0.4265625 0.338888888889 0.0234375 0.0972222222222
0 0.35078125 0.293055555556 0.0328125 0.0888888888889
0 0.0984375 0.351388888889 0.03046875 0.109722222222
1 0.0765625 0.331944444444 0.028125 0.116666666667
1 0.01484375 0.398611111111 0.03515625 0.119444444444
0 0.49375 0.406944444444 0.01953125 0.0569444444444
1 0.471875 0.304166666667 0.034375 0.1
1 0.24765625 0.288888888889 0.03203125 0.104166666667
0 0.8953125 0.3125 0.034375 0.105555555556
