1 0.4046875 0.5625 0.03203125 0.127777777778
0 0.4953125 0.616666666667 0.04609375 0.152777777778
1 0.25546875 0.508333333333 0.0328125 0.136111111111
1 0.534375 0.448611111111 0.03203125 0.115277777778
0 0.22890625 0.323611111111 0.01796875 0.0861111111111
0 0.0125 0.254166666667 0.025 0.0819444444444
1 0.35 0.375 0.03671875 0.105555555556
0 0.540625 0.311111111111 0.04453125 0.118055555556
0 0.3046875 0.4125 0.03203125 0.130555555556
1 0.08984375 0.365277777778 0.0296875 0.0902777777778
0 0.78125 0.444444444444 0.0296875 0.129166666667
0 0.3234375 0.583333333333 0.028125 0.119444444444
