0 0.0859375 0.458333333333 0.0296875 0.102777777778
1 0.11875 0.422222222222 0.03046875 0.0986111111111
1 0.4140625 0.526388888889 0.02890625 0.115277777778
0 0.36953125 0.394444444444 0.02578125 0.0972222222222
0 0.5125 0.448611111111 0.02890625 0.0958333333333
1 0.50078125 0.366666666667 0.02734375 0.0916666666667
0 0.54921875 0.351388888889 0.0234375 0.0791666666667
1 0.60078125 0.434722222222 0.0234375 0.0930555555556
0 0.9265625 0.7 0.040625 0.138888888889
0 0.9640625 0.418055555556 0.0359375 0.104166666667
1 0.00234375 0.529166666667 0.02421875 0.115277777778
0 0.01875 0.627777777778 0.0328125 0.104166666667
