0 0.4171875 0.370833333333 0.0265625 0.0930555555556
1 0.54375 0.331944444444 0.0265625 0.0861111111111
1 0.71484375 0.418055555556 0.02734375 0.109722222222
0 0.5421875 0.327777777778 0.02734375 0.102777777778
0 0.83359375 0.390277777778 0.03046875 0.1
1 0.70703125 0.330555555556 0.025 0.0833333333333
1 0.90234375 0.380555555556 0.02734375 0.108333333333
1 0.33984375 0.433333333333 0.02421875 0.115277777778
0 0.65625 0.547222222222 0.03828125 0.120833333333
1 0.35078125 0.383333333333 0.021875 0.0888888888889
0 0.13671875 0.890277777778 0.05 0.102777777778
0 0.2890625 0.304166666667 0.034375 0.0930555555556
1 0.2953125 0.329166666667 0.02578125 0.0708333333333
0 0.15625 0.356944444444 0.02734375 0.1
1 0.1171875 0.35 0.02421875 0.1
1 0.0625 0.4375 0.03203125 0.108333333333
1 0.00625 0.531944444444 0.040625 0.119444444444
