0 0.17109375 0.419444444444 0.0265625 0.0930555555556
1 0.253125 0.384722222222 0.02734375 0.0902777777778
1 0.53125 0.479166666667 0.03046875 0.120833333333
0 0.42109375 0.361111111111 0.02421875 0.0930555555556
0 0.62578125 0.415277777778 0.03046875 0.1
1 0.58125 0.343055555556 0.0234375 0.0791666666667
0 0.678125 0.3375 0.02734375 0.0916666666667
1 0.725 0.402777777778 0.0234375 0.0930555555556
1 0.1140625 0.490277777778 0.02421875 0.115277777778
0 0.278125 0.597222222222 0.0421875 0.133333333333
1 0.06875 0.443055555556 0.02265625 0.0930555555556
