1 0.4046875 0.5625 0.03203125 0.127777777778
0 0.5 0.620833333333 0.04609375 0.152777777778
1 0.25234375 0.5125 0.0328125 0.136111111111
1 0.53671875 0.443055555556 0.03203125 0.115277777778
0 0.22890625 0.316666666667 0.01875 0.0902777777778
0 0.00703125 0.255555555556 0.0265625 0.0861111111111
1 0.353125 0.370833333333 0.03671875 0.105555555556
0 0.5359375 0.309722222222 0.04453125 0.118055555556
0 0.30234375 0.418055555556 0.03203125 0.130555555556
1 0.09296875 0.365277777778 0.0296875 0.0902777777778
0 0.778125 0.445833333333 0.0296875 0.129166666667
0 0.3140625 0.581944444444 0.02734375 0.113888888889
