0 0.36875 0.386111111111 0.0265625 0.0930555555556
1 0.51796875 0.330555555556 0.02734375 0.0902777777778
1 0.6890625 0.429166666667 0.02578125 0.104166666667
0 0.521875 0.319444444444 0.03125 0.118055555556
0 0.7875 0.394444444444 0.02890625 0.0958333333333
1 0.70234375 0.341666666667 0.02578125 0.0875
0 0.94609375 0.334722222222 0.02890625 0.0958333333333
1 0.871875 0.390277777778 0.0234375 0.0930555555556
1 0.29296875 0.443055555556 0.02421875 0.115277777778
0 0.5984375 0.566666666667 0.03828125 0.120833333333
1 0.31328125 0.395833333333 0.02265625 0.0930555555556
0 0.10859375 0.891666666667 0.05 0.102777777778
0 0.1953125 0.3 0.034375 0.0930555555556
1 0.17265625 0.322222222222 0.02578125 0.0708333333333
0 0.090625 0.369444444444 0.02734375 0.1
1 0.05390625 0.368055555556 0.02578125 0.105555555556
1 0.0328125 0.448611111111 0.03359375 0.113888888889
