1 0.4484375 0.458333333333 0.0359375 0.15
0 0.353125 0.391666666667 0.0578125 0.165277777778
1 0.67578125 0.354166666667 0.0453125 0.136111111111
0 0.6796875 0.351388888889 0.03359375 0.0958333333333
1 0.4671875 0.406944444444 0.046875 0.101388888889
1 0.225 0.470833333333 0.04453125 0.143055555556
0 0.2484375 0.540277777778 0.0515625 0.169444444444
1 0.5953125 0.309722222222 0.05 0.165277777778
0 0.709375 0.298611111111 0.05234375 0.151388888889
0 0.396875 0.477777777778 0.03984375 0.118055555556
1 0.92265625 0.390277777778 0.0546875 0.138888888889
0 0.39375 0.406944444444 0.0359375 0.147222222222
1 0.94453125 0.494444444444 0.0421875 0.141666666667
