1 0.4625 0.458333333333 0.0359375 0.15
0 0.35390625 0.390277777778 0.0578125 0.165277777778
1 0.6625 0.355555555556 0.0453125 0.136111111111
0 0.6640625 0.35 0.03359375 0.0958333333333
1 0.46328125 0.395833333333 0.046875 0.101388888889
1 0.2203125 0.473611111111 0.04453125 0.143055555556
0 0.2375 0.518055555556 0.06015625 0.197222222222
1 0.584375 0.306944444444 0.05 0.165277777778
0 0.6859375 0.294444444444 0.0546875 0.159722222222
0 0.4078125 0.477777777778 0.04375 0.129166666667
1 0.91171875 0.394444444444 0.0578125 0.145833333333
0 0.40390625 0.409722222222 0.034375 0.140277777778
1 0.94765625 0.501388888889 0.04453125 0.148611111111
