0 0.4609375 0.366666666667 0.0265625 0.0930555555556
1 0.6890625 0.390277777778 0.02734375 0.109722222222
0 0.86171875 0.380555555556 0.03046875 0.1
1 0.60390625 0.334722222222 0.02734375 0.0916666666667
1 0.88125 0.372222222222 0.02734375 0.108333333333
1 0.38359375 0.406944444444 0.0265625 0.127777777778
0 0.690625 0.520833333333 0.03828125 0.120833333333
1 0.42265625 0.358333333333 0.02265625 0.0930555555556
0 0.0828125 0.865277777778 0.05234375 0.108333333333
0 0.3921875 0.305555555556 0.034375 0.0930555555556
0 0.1859375 0.351388888889 0.02890625 0.105555555556
1 0.15234375 0.3375 0.02734375 0.111111111111
1 0.08359375 0.408333333333 0.03359375 0.113888888889
1 0.00625 0.534722222222 0.040625 0.119444444444
0 0.54609375 0.326388888889 0.0328125 0.0972222222222
1 0.528125 0.330555555556 0.028125 0.0819444444444
1 0.36328125 0.306944444444 0.02734375 0.0902777777778
