1 0.303125 0.386111111111 0.02734375 0.109722222222
0 0.421875 0.290277777778 0.0390625 0.127777777778
0 0.22265625 0.493055555556 0.0359375 0.115277777778
0 0.5703125 0.2625 0.0296875 0.0902777777778
0 0.15390625 0.2375 0.03359375 0.115277777778
1 0.24765625 0.279166666667 0.034375 0.125
0 0.14296875 0.294444444444 0.0328125 0.0666666666667
0 0.75625 0.563888888889 0.053125 0.177777777778
0 0.82578125 0.344444444444 0.0390625 0.130555555556
1 0.03359375 0.366666666667 0.0359375 0.15
1 0.0640625 0.284722222222 0.02734375 0.108333333333
0 0.0609375 0.238888888889 0.03515625 0.113888888889
1 0.42109375 0.277777777778 0.040625 0.148611111111
