1 0.40703125 0.565277777778 0.03203125 0.127777777778
0 0.490625 0.622222222222 0.04609375 0.152777777778
1 0.25625 0.506944444444 0.034375 0.143055555556
1 0.53203125 0.456944444444 0.03203125 0.115277777778
0 0.228125 0.326388888889 0.01796875 0.0861111111111
0 0.01484375 0.254166666667 0.025 0.0819444444444
1 0.35 0.376388888889 0.03671875 0.105555555556
0 0.5453125 0.306944444444 0.04453125 0.118055555556
0 0.30625 0.413888888889 0.03203125 0.130555555556
1 0.08671875 0.359722222222 0.0296875 0.0902777777778
0 0.7859375 0.447222222222 0.0296875 0.129166666667
0 0.3328125 0.586111111111 0.028125 0.119444444444
