1 0.4671875 0.384722222222 0.03046875 0.120833333333
0 0.60234375 0.343055555556 0.02890625 0.0958333333333
1 0.60234375 0.336111111111 0.028125 0.1125
1 0.24921875 0.398611111111 0.02578125 0.120833333333
0 0.43203125 0.491666666667 0.034375 0.109722222222
1 0.259375 0.344444444444 0.02265625 0.0930555555556
0 0.23359375 0.293055555556 0.0328125 0.0888888888889
1 0.07734375 0.276388888889 0.03515625 0.115277777778
0 0.8328125 0.305555555556 0.034375 0.105555555556
0 0.33515625 0.3 0.02734375 0.0944444444444
1 0.37578125 0.330555555556 0.0296875 0.108333333333
0 0.35703125 0.388888888889 0.0359375 0.0736111111111
0 0.94765625 0.569444444444 0.05078125 0.169444444444
