1 0.3015625 0.393055555556 0.0265625 0.104166666667
0 0.44765625 0.279166666667 0.04296875 0.141666666667
0 0.2421875 0.497222222222 0.034375 0.109722222222
0 0.55 0.238888888889 0.0296875 0.0902777777778
0 0.12421875 0.2125 0.040625 0.138888888889
1 0.2578125 0.251388888889 0.0359375 0.131944444444
0 0.12734375 0.256944444444 0.034375 0.0694444444444
0 0.73984375 0.573611111111 0.0484375 0.161111111111
0 0.83671875 0.331944444444 0.03515625 0.118055555556
1 0.053125 0.363888888889 0.0359375 0.15
1 0.0984375 0.263888888889 0.02734375 0.108333333333
0 0.071875 0.208333333333 0.03515625 0.113888888889
1 0.446875 0.283333333333 0.040625 0.148611111111
