0 0.4078125 0.376388888889 0.0265625 0.0930555555556
1 0.5421875 0.331944444444 0.025 0.0819444444444
1 0.71328125 0.420833333333 0.02734375 0.109722222222
0 0.5421875 0.325 0.02578125 0.0972222222222
0 0.8265625 0.393055555556 0.03046875 0.1
1 0.71875 0.344444444444 0.025 0.0833333333333
1 0.90078125 0.384722222222 0.02578125 0.102777777778
1 0.33125 0.430555555556 0.02421875 0.115277777778
0 0.6453125 0.5625 0.0359375 0.115277777778
1 0.3453125 0.390277777778 0.021875 0.0888888888889
0 0.1359375 0.884722222222 0.05 0.102777777778
0 0.2703125 0.302777777778 0.034375 0.0930555555556
1 0.27109375 0.325 0.02734375 0.075
0 0.14296875 0.361111111111 0.02734375 0.1
1 0.103125 0.359722222222 0.02421875 0.1
1 0.059375 0.438888888889 0.03359375 0.113888888889
1 0.00546875 0.536111111111 0.040625 0.119444444444
