1 0.628125 0.465277777778 0.034375 0.143055555556
0 0.51015625 0.351388888889 0.05234375 0.15
1 0.5453125 0.3875 0.0359375 0.0916666666667
1 0.65546875 0.3625 0.05 0.151388888889
0 0.6625 0.35 0.03828125 0.111111111111
1 0.540625 0.380555555556 0.04453125 0.0972222222222
1 0.38046875 0.470833333333 0.04453125 0.143055555556
0 0.36875 0.588888888889 0.0515625 0.169444444444
1 0.58125 0.365277777778 0.04765625 0.158333333333
0 0.7609375 0.308333333333 0.04296875 0.125
0 0.778125 0.513888888889 0.053125 0.158333333333
