1 0.88125 0.477777777778 0.0359375 0.15
0 0.9234375 0.319444444444 0.03046875 0.1
0 0.52109375 0.345833333333 0.04765625 0.136111111111
1 0.484375 0.348611111111 0.04609375 0.118055555556
1 0.828125 0.368055555556 0.05234375 0.158333333333
0 0.82265625 0.355555555556 0.04921875 0.143055555556
1 0.7765625 0.294444444444 0.05859375 0.141666666667
1 0.671875 0.368055555556 0.04921875 0.106944444444
1 0.4265625 0.479166666667 0.04375 0.141666666667
0 0.46171875 0.701388888889 0.06328125 0.206944444444
