0 0.38359375 0.384722222222 0.0265625 0.0930555555556
1 0.52578125 0.329166666667 0.0265625 0.0861111111111
1 0.70078125 0.423611111111 0.02578125 0.104166666667
0 0.5296875 0.315277777778 0.0296875 0.1125
0 0.80234375 0.388888888889 0.02890625 0.0958333333333
1 0.71171875 0.343055555556 0.02578125 0.0875
0 0.965625 0.333333333333 0.02890625 0.0958333333333
1 0.884375 0.3875 0.0234375 0.0930555555556
1 0.30625 0.440277777778 0.02421875 0.115277777778
0 0.61640625 0.568055555556 0.0359375 0.115277777778
1 0.3265625 0.393055555556 0.021875 0.0888888888889
0 0.11953125 0.8875 0.05 0.102777777778
0 0.22109375 0.305555555556 0.034375 0.0930555555556
1 0.21171875 0.319444444444 0.02578125 0.0708333333333
0 0.109375 0.363888888889 0.02890625 0.105555555556
1 0.071875 0.368055555556 0.02421875 0.1
1 0.0453125 0.448611111111 0.03359375 0.113888888889
