1 0.46015625 0.381944444444 0.03046875 0.120833333333
0 0.5953125 0.341666666667 0.03046875 0.1
1 0.59609375 0.336111111111 0.028125 0.1125
1 0.2421875 0.4 0.02578125 0.120833333333
0 0.42421875 0.488888888889 0.034375 0.109722222222
1 0.2546875 0.341666666667 0.021875 0.0888888888889
0 0.2265625 0.293055555556 0.0328125 0.0888888888889
1 0.06875 0.275 0.03515625 0.115277777778
0 0.83046875 0.304166666667 0.034375 0.105555555556
0 0.3296875 0.301388888889 0.02734375 0.0944444444444
1 0.37109375 0.331944444444 0.0296875 0.108333333333
0 0.35 0.388888888889 0.0359375 0.0736111111111
0 0.93984375 0.570833333333 0.05078125 0.169444444444
