1 0.60703125 0.484722222222 0.03828125 0.156944444444
0 0.41640625 0.277777777778 0.0390625 0.127777777778
0 0.165625 0.354166666667 0.0453125 0.129166666667
1 0.14453125 0.393055555556 0.04609375 0.118055555556
0 0.78203125 0.556944444444 0.0484375 0.148611111111
1 0.8921875 0.315277777778 0.03828125 0.130555555556
0 0.840625 0.277777777778 0.05234375 0.1625
1 0.7546875 0.326388888889 0.06484375 0.127777777778
1 0.46796875 0.363888888889 0.05234375 0.158333333333
0 0.44296875 0.329166666667 0.04453125 0.129166666667
1 0.3703125 0.288888888889 0.0484375 0.116666666667
1 0.3125 0.35 0.0546875 0.118055555556
1 0.0890625 0.554166666667 0.0484375 0.156944444444
0 0.00390625 0.806944444444 0.06015625 0.197222222222
