1 0.31484375 0.381944444444 0.03046875 0.120833333333
0 0.4328125 0.3 0.03671875 0.122222222222
0 0.23359375 0.490277777778 0.034375 0.109722222222
0 0.60625 0.268055555556 0.0296875 0.0902777777778
0 0.18984375 0.254166666667 0.03046875 0.104166666667
1 0.26015625 0.291666666667 0.034375 0.125
0 0.1625 0.309722222222 0.0328125 0.0666666666667
0 0.784375 0.570833333333 0.053125 0.177777777778
0 0.84921875 0.352777777778 0.0390625 0.130555555556
1 0.04453125 0.368055555556 0.03828125 0.156944444444
1 0.0671875 0.297222222222 0.02734375 0.108333333333
0 0.0828125 0.245833333333 0.03359375 0.108333333333
1 0.42890625 0.284722222222 0.040625 0.148611111111
