1 0.8296875 0.547222222222 0.03203125 0.126388888889
1 0.5015625 0.480555555556 0.03828125 0.156944444444
0 0.665625 0.313888888889 0.021875 0.104166666667
0 0.303125 0.279166666667 0.03359375 0.109722222222
1 0.76953125 0.318055555556 0.03671875 0.105555555556
0 0.8359375 0.393055555556 0.03828125 0.156944444444
1 0.64296875 0.327777777778 0.034375 0.105555555556
0 0.66015625 0.558333333333 0.02421875 0.102777777778
1 0.3765625 0.381944444444 0.0296875 0.119444444444
1 0.253125 0.302777777778 0.03203125 0.0902777777778
0 0.325 0.340277777778 0.03203125 0.1
1 0.21640625 0.35 0.03203125 0.1125
0 0.0765625 0.348611111111 0.0453125 0.129166666667
1 0.0609375 0.4 0.04609375 0.118055555556
0 0.72109375 0.2875 0.040625 0.106944444444
