1 0.4640625 0.566666666667 0.03046875 0.120833333333
0 0.6828125 0.623611111111 0.0484375 0.161111111111
1 0.30234375 0.513888888889 0.03125 0.129166666667
1 0.62734375 0.444444444444 0.03203125 0.115277777778
0 0.325 0.298611111111 0.02265625 0.109722222222
0 0.0578125 0.277777777778 0.02734375 0.0902777777778
1 0.48125 0.361111111111 0.03515625 0.1
0 0.5859375 0.313888888889 0.03515625 0.0930555555556
0 0.39375 0.433333333333 0.03359375 0.136111111111
1 0.22265625 0.358333333333 0.0328125 0.1
0 0.8921875 0.473611111111 0.0296875 0.129166666667
0 0.32421875 0.5875 0.028125 0.119444444444
1 0.1234375 0.430555555556 0.0328125 0.131944444444
1 0.02578125 0.313888888889 0.03671875 0.105555555556
