1 0.40234375 0.555555555556 0.03203125 0.127777777778
0 0.515625 0.627777777778 0.04609375 0.152777777778
1 0.2515625 0.506944444444 0.034375 0.143055555556
1 0.5453125 0.440277777778 0.03203125 0.115277777778
0 0.23515625 0.316666666667 0.02109375 0.0986111111111
0 0.0 0.261111111111 0.0265625 0.0861111111111
1 0.36328125 0.369444444444 0.03515625 0.1
0 0.5328125 0.311111111111 0.0421875 0.1125
0 0.30390625 0.420833333333 0.03046875 0.123611111111
1 0.10078125 0.365277777778 0.0296875 0.0902777777778
0 0.775 0.45 0.02734375 0.116666666667
0 0.29296875 0.586111111111 0.02734375 0.113888888889
1 0.00546875 0.447222222222 0.0328125 0.131944444444
