1 0.4265625 0.461111111111 0.0359375 0.15
0 0.34296875 0.402777777778 0.0578125 0.165277777778
1 0.6890625 0.356944444444 0.0453125 0.136111111111
0 0.69375 0.352777777778 0.03359375 0.0958333333333
1 0.4765625 0.402777777778 0.046875 0.101388888889
1 0.22265625 0.468055555556 0.04453125 0.143055555556
0 0.24921875 0.538888888889 0.0515625 0.169444444444
1 0.6015625 0.302777777778 0.053125 0.173611111111
0 0.73125 0.301388888889 0.05 0.144444444444
0 0.37890625 0.470833333333 0.0421875 0.123611111111
1 0.93671875 0.383333333333 0.0546875 0.138888888889
0 0.37421875 0.411111111111 0.0359375 0.147222222222
1 0.9328125 0.497222222222 0.0421875 0.141666666667
