1 0.58828125 0.461111111111 0.034375 0.143055555556
0 0.45546875 0.369444444444 0.05234375 0.15
1 0.51640625 0.380555555556 0.03828125 0.0972222222222
1 0.640625 0.356944444444 0.04296875 0.130555555556
0 0.6390625 0.35 0.03828125 0.111111111111
1 0.51328125 0.377777777778 0.046875 0.101388888889
1 0.3296875 0.470833333333 0.04453125 0.143055555556
0 0.31875 0.573611111111 0.0546875 0.179166666667
1 0.55 0.336111111111 0.0609375 0.201388888889
0 0.7171875 0.308333333333 0.040625 0.119444444444
0 0.67734375 0.516666666667 0.0484375 0.143055555556
