0 0.26953125 0.408333333333 0.0265625 0.0930555555556
1 0.41328125 0.365277777778 0.0265625 0.0861111111111
1 0.615625 0.458333333333 0.02578125 0.104166666667
0 0.48359375 0.340277777778 0.028125 0.106944444444
0 0.70546875 0.4 0.03046875 0.1
1 0.6453125 0.343055555556 0.0234375 0.0791666666667
0 0.809375 0.3375 0.0265625 0.0875
1 0.803125 0.394444444444 0.0234375 0.0930555555556
1 0.196875 0.470833333333 0.0234375 0.109722222222
0 0.45859375 0.597222222222 0.0328125 0.104166666667
1 0.19296875 0.419444444444 0.02265625 0.0930555555556
0 0.03359375 0.891666666667 0.05234375 0.108333333333
0 0.0265625 0.320833333333 0.028125 0.0763888888889
