0 0.49296875 0.366666666667 0.02578125 0.0875
1 0.6890625 0.386111111111 0.02578125 0.104166666667
0 0.8703125 0.370833333333 0.03203125 0.105555555556
1 0.5859375 0.3375 0.02734375 0.0916666666667
1 0.87734375 0.365277777778 0.02734375 0.108333333333
1 0.4109375 0.395833333333 0.0265625 0.127777777778
0 0.70390625 0.508333333333 0.03828125 0.120833333333
1 0.46953125 0.358333333333 0.0203125 0.0847222222222
0 0.06796875 0.865277777778 0.05234375 0.108333333333
0 0.421875 0.3 0.034375 0.0930555555556
0 0.20703125 0.347222222222 0.02890625 0.105555555556
1 0.17109375 0.330555555556 0.02734375 0.111111111111
1 0.1140625 0.402777777778 0.03359375 0.113888888889
1 0.03203125 0.520833333333 0.040625 0.119444444444
0 0.5453125 0.3375 0.03125 0.0930555555556
1 0.534375 0.330555555556 0.0265625 0.0777777777778
1 0.371875 0.295833333333 0.03203125 0.104166666667
