1 0.4515625 0.570833333333 0.03046875 0.120833333333
0 0.65 0.616666666667 0.0484375 0.161111111111
1 0.29296875 0.5125 0.03125 0.129166666667
1 0.6109375 0.443055555556 0.03359375 0.120833333333
0 0.30234375 0.297222222222 0.02421875 0.115277777778
0 0.0515625 0.280555555556 0.0265625 0.0861111111111
1 0.45859375 0.361111111111 0.03671875 0.105555555556
0 0.58046875 0.325 0.03671875 0.0972222222222
0 0.37421875 0.433333333333 0.03359375 0.136111111111
1 0.196875 0.3625 0.034375 0.105555555556
0 0.8671875 0.465277777778 0.03125 0.134722222222
0 0.3125 0.586111111111 0.028125 0.119444444444
1 0.11015625 0.445833333333 0.0328125 0.131944444444
1 0.0140625 0.315277777778 0.03671875 0.105555555556
