1 0.42421875 0.584722222222 0.03203125 0.127777777778
0 0.48671875 0.627777777778 0.0484375 0.161111111111
1 0.2734375 0.529166666667 0.034375 0.143055555556
1 0.52578125 0.463888888889 0.03359375 0.120833333333
0 0.228125 0.3375 0.01796875 0.0861111111111
0 0.04375 0.245833333333 0.0265625 0.0861111111111
1 0.353125 0.376388888889 0.04296875 0.122222222222
0 0.5875 0.315277777778 0.0421875 0.1125
0 0.33046875 0.4125 0.03046875 0.123611111111
1 0.0828125 0.359722222222 0.03125 0.0958333333333
0 0.82109375 0.441666666667 0.0328125 0.141666666667
0 0.48828125 0.620833333333 0.04296875 0.144444444444
