1 0.43984375 0.458333333333 0.0359375 0.15
0 0.34609375 0.393055555556 0.0578125 0.165277777778
1 0.68359375 0.356944444444 0.0453125 0.136111111111
0 0.68671875 0.351388888889 0.03359375 0.0958333333333
1 0.47109375 0.409722222222 0.046875 0.101388888889
1 0.22421875 0.470833333333 0.04453125 0.143055555556
0 0.25 0.538888888889 0.0515625 0.169444444444
1 0.59453125 0.308333333333 0.053125 0.173611111111
0 0.72109375 0.298611111111 0.05234375 0.151388888889
0 0.3875 0.481944444444 0.04375 0.129166666667
1 0.93046875 0.384722222222 0.0546875 0.138888888889
0 0.3859375 0.405555555556 0.0359375 0.147222222222
1 0.940625 0.488888888889 0.0421875 0.141666666667
