0 0.12578125 0.433333333333 0.028125 0.0972222222222
1 0.18359375 0.405555555556 0.0265625 0.0861111111111
1 0.48828125 0.498611111111 0.02734375 0.109722222222
0 0.3921875 0.372222222222 0.02421875 0.0930555555556
0 0.57734375 0.430555555556 0.03046875 0.1
1 0.54453125 0.358333333333 0.0234375 0.0791666666667
0 0.6140625 0.347222222222 0.0265625 0.0875
1 0.6765625 0.418055555556 0.02265625 0.0888888888889
1 0.06796875 0.511111111111 0.02421875 0.115277777778
0 0.1859375 0.611111111111 0.0359375 0.115277777778
1 0.0140625 0.456944444444 0.02265625 0.0930555555556
