1 0.77421875 0.493055555556 0.034375 0.143055555556
0 0.6484375 0.311111111111 0.03359375 0.109722222222
0 0.296875 0.359722222222 0.04296875 0.123611111111
1 0.284375 0.386111111111 0.0421875 0.106944444444
1 0.65390625 0.366666666667 0.0546875 0.166666666667
0 0.63125 0.331944444444 0.04921875 0.143055555556
1 0.54375 0.291666666667 0.05625 0.134722222222
1 0.47734375 0.359722222222 0.04921875 0.106944444444
1 0.2265625 0.548611111111 0.04609375 0.15
0 0.21015625 0.802777777778 0.06015625 0.197222222222
