0 0.475 0.365277777778 0.0265625 0.0930555555556
1 0.68671875 0.394444444444 0.02578125 0.104166666667
0 0.8640625 0.380555555556 0.03203125 0.105555555556
1 0.5890625 0.336111111111 0.02734375 0.0916666666667
1 0.87734375 0.365277777778 0.02734375 0.108333333333
1 0.39921875 0.404166666667 0.0265625 0.127777777778
0 0.69609375 0.513888888889 0.03828125 0.120833333333
1 0.4453125 0.366666666667 0.02265625 0.0930555555556
0 0.07265625 0.8625 0.05234375 0.108333333333
0 0.41171875 0.304166666667 0.034375 0.0930555555556
0 0.19765625 0.352777777778 0.02890625 0.105555555556
1 0.16328125 0.338888888889 0.02734375 0.111111111111
1 0.1046875 0.405555555556 0.03359375 0.113888888889
1 0.02109375 0.523611111111 0.040625 0.119444444444
0 0.54140625 0.336111111111 0.0328125 0.0972222222222
1 0.53046875 0.330555555556 0.0265625 0.0777777777778
1 0.36875 0.3 0.02890625 0.0944444444444
