1 0.409375 0.455555555556 0.0359375 0.15
0 0.34140625 0.390277777778 0.0578125 0.165277777778
1 0.69453125 0.358333333333 0.0453125 0.136111111111
0 0.7 0.354166666667 0.03359375 0.0958333333333
1 0.48515625 0.4125 0.046875 0.101388888889
1 0.22109375 0.466666666667 0.04453125 0.143055555556
0 0.2453125 0.538888888889 0.0515625 0.169444444444
1 0.61015625 0.311111111111 0.04765625 0.158333333333
0 0.7625 0.305555555556 0.05 0.144444444444
0 0.36796875 0.477777777778 0.03984375 0.118055555556
1 0.94765625 0.388888888889 0.05234375 0.131944444444
0 0.35703125 0.3875 0.04375 0.179166666667
1 0.91328125 0.490277777778 0.0421875 0.141666666667
