1 0.48671875 0.381944444444 0.03046875 0.120833333333
0 0.62265625 0.344444444444 0.02734375 0.0916666666667
1 0.6203125 0.333333333333 0.028125 0.1125
1 0.26796875 0.395833333333 0.02578125 0.120833333333
0 0.45859375 0.494444444444 0.034375 0.109722222222
1 0.28359375 0.352777777778 0.021875 0.0888888888889
0 0.24765625 0.293055555556 0.0328125 0.0888888888889
1 0.090625 0.280555555556 0.03359375 0.109722222222
0 0.84453125 0.302777777778 0.0359375 0.109722222222
0 0.35 0.302777777778 0.02734375 0.0944444444444
1 0.3890625 0.330555555556 0.03125 0.113888888889
0 0.37578125 0.390277777778 0.0359375 0.0736111111111
