1 0.35390625 0.409722222222 0.02890625 0.115277777778
0 0.5109375 0.263888888889 0.0546875 0.180555555556
0 0.37265625 0.481944444444 0.0328125 0.104166666667
0 0.590625 0.219444444444 0.03125 0.0958333333333
0 0.1578125 0.206944444444 0.04921875 0.169444444444
1 0.30625 0.218055555556 0.0421875 0.152777777778
0 0.1703125 0.2625 0.0328125 0.0666666666667
0 0.7125 0.581944444444 0.053125 0.177777777778
0 0.8984375 0.319444444444 0.03359375 0.1125
1 0.12578125 0.373611111111 0.034375 0.143055555556
1 0.1546875 0.231944444444 0.03203125 0.125
0 0.13125 0.1875 0.03203125 0.102777777778
1 0.5015625 0.298611111111 0.0390625 0.140277777778
1 0.046875 0.319444444444 0.03515625 0.113888888889
