1 0.68125 0.547222222222 0.03046875 0.120833333333
1 0.3859375 0.484722222222 0.034375 0.143055555556
1 0.846875 0.423611111111 0.03359375 0.120833333333
0 0.58515625 0.305555555556 0.02265625 0.109722222222
0 0.1703125 0.284722222222 0.02890625 0.0944444444444
1 0.6328125 0.320833333333 0.03359375 0.0958333333333
0 0.67734375 0.352777777778 0.02265625 0.0597222222222
0 0.66640625 0.391666666667 0.040625 0.165277777778
1 0.49453125 0.330555555556 0.0296875 0.0916666666667
0 0.50546875 0.568055555556 0.02578125 0.108333333333
1 0.2671875 0.394444444444 0.02734375 0.108333333333
1 0.13359375 0.294444444444 0.03515625 0.1
0 0.171875 0.3375 0.03359375 0.104166666667
1 0.09453125 0.361111111111 0.03046875 0.106944444444
