1 0.55703125 0.5625 0.02890625 0.115277777778
0 0.86484375 0.626388888889 0.05078125 0.169444444444
1 0.32890625 0.502777777778 0.0328125 0.136111111111
1 0.71484375 0.433333333333 0.03203125 0.115277777778
0 0.440625 0.3 0.02265625 0.109722222222
0 0.08984375 0.2875 0.0265625 0.0861111111111
1 0.553125 0.334722222222 0.03359375 0.0958333333333
0 0.61640625 0.334722222222 0.03046875 0.0791666666667
0 0.51171875 0.415277777778 0.03671875 0.15
1 0.35234375 0.336111111111 0.0296875 0.0916666666667
0 0.38203125 0.580555555556 0.028125 0.119444444444
1 0.1921875 0.409722222222 0.03125 0.125
1 0.06171875 0.306944444444 0.03203125 0.0902777777778
0 0.07109375 0.386111111111 0.03359375 0.104166666667
1 0.0125 0.381944444444 0.03203125 0.1125
