0 0.45859375 0.365277777778 0.0265625 0.0930555555556
1 0.69140625 0.388888888889 0.02734375 0.109722222222
0 0.8609375 0.379166666667 0.03046875 0.1
1 0.609375 0.331944444444 0.02734375 0.0916666666667
1 0.8828125 0.372222222222 0.02734375 0.108333333333
1 0.38125 0.411111111111 0.02578125 0.120833333333
0 0.68984375 0.523611111111 0.03828125 0.120833333333
1 0.41875 0.359722222222 0.02265625 0.0930555555556
0 0.08671875 0.865277777778 0.05234375 0.108333333333
0 0.3890625 0.305555555556 0.034375 0.0930555555556
0 0.184375 0.35 0.02890625 0.105555555556
1 0.15078125 0.336111111111 0.02734375 0.111111111111
1 0.08046875 0.408333333333 0.03359375 0.113888888889
1 0.0046875 0.534722222222 0.040625 0.119444444444
0 0.54609375 0.326388888889 0.0328125 0.0972222222222
1 0.5265625 0.331944444444 0.028125 0.0819444444444
1 0.36171875 0.308333333333 0.02578125 0.0861111111111
