1 0.60078125 0.452777777778 0.0359375 0.15
0 0.4703125 0.365277777778 0.05234375 0.15
1 0.52734375 0.381944444444 0.03828125 0.0972222222222
1 0.6484375 0.358333333333 0.04296875 0.130555555556
0 0.64921875 0.356944444444 0.03671875 0.106944444444
1 0.521875 0.379166666667 0.046875 0.101388888889
1 0.34765625 0.470833333333 0.04453125 0.143055555556
0 0.33515625 0.569444444444 0.0546875 0.179166666667
1 0.56015625 0.356944444444 0.053125 0.173611111111
0 0.7328125 0.308333333333 0.040625 0.119444444444
0 0.71328125 0.516666666667 0.04609375 0.136111111111
