1 0.6609375 0.481944444444 0.03828125 0.156944444444
0 0.47578125 0.284722222222 0.0375 0.120833333333
0 0.20859375 0.361111111111 0.0453125 0.129166666667
1 0.1921875 0.390277777778 0.04375 0.1125
0 0.85234375 0.561111111111 0.0484375 0.148611111111
0 0.9078125 0.293055555556 0.05234375 0.1625
1 0.834375 0.322222222222 0.06484375 0.127777777778
1 0.52265625 0.363888888889 0.05234375 0.158333333333
0 0.50625 0.333333333333 0.04453125 0.129166666667
1 0.41640625 0.293055555556 0.04609375 0.111111111111
1 0.365625 0.347222222222 0.0546875 0.118055555556
1 0.13203125 0.544444444444 0.05078125 0.165277777778
0 0.06015625 0.802777777778 0.06015625 0.197222222222
