0 0.46484375 0.363888888889 0.0265625 0.0930555555556
1 0.6875 0.391666666667 0.02578125 0.104166666667
0 0.8609375 0.381944444444 0.03046875 0.1
1 0.59609375 0.340277777778 0.02734375 0.0916666666667
1 0.87734375 0.372222222222 0.02734375 0.108333333333
1 0.38984375 0.404166666667 0.0265625 0.127777777778
0 0.6921875 0.519444444444 0.03828125 0.120833333333
1 0.43046875 0.363888888889 0.02265625 0.0930555555556
0 0.0765625 0.866666666667 0.05234375 0.108333333333
0 0.40078125 0.305555555556 0.034375 0.0930555555556
0 0.190625 0.35 0.02890625 0.105555555556
1 0.15546875 0.338888888889 0.02734375 0.111111111111
1 0.0921875 0.408333333333 0.03359375 0.113888888889
1 0.0125 0.525 0.040625 0.119444444444
0 0.54609375 0.326388888889 0.0328125 0.0972222222222
1 0.528125 0.329166666667 0.0265625 0.0777777777778
1 0.36640625 0.302777777778 0.02734375 0.0902777777778
