1 0.65390625 0.470833333333 0.034375 0.143055555556
0 0.53515625 0.348611111111 0.05234375 0.15
1 0.54375 0.394444444444 0.0359375 0.0916666666667
1 0.6640625 0.368055555556 0.05234375 0.158333333333
0 0.67109375 0.354166666667 0.040625 0.116666666667
1 0.54453125 0.397222222222 0.0421875 0.0930555555556
1 0.3984375 0.4625 0.04453125 0.143055555556
0 0.3921875 0.591666666667 0.0515625 0.169444444444
1 0.6 0.369444444444 0.04765625 0.158333333333
0 0.7921875 0.3125 0.0453125 0.130555555556
0 0.8328125 0.530555555556 0.053125 0.158333333333
