1 0.41796875 0.386111111111 0.03046875 0.120833333333
0 0.54765625 0.334722222222 0.03203125 0.105555555556
0 0.36328125 0.488888888889 0.034375 0.109722222222
0 0.7890625 0.295833333333 0.0328125 0.1
0 0.309375 0.297222222222 0.02734375 0.0944444444444
1 0.35625 0.323611111111 0.0328125 0.119444444444
0 0.3 0.377777777778 0.0359375 0.0736111111111
0 0.903125 0.577777777778 0.053125 0.177777777778
0 0.96171875 0.376388888889 0.03515625 0.118055555556
1 0.1953125 0.390277777778 0.03125 0.129166666667
1 0.16796875 0.347222222222 0.0296875 0.116666666667
1 0.1953125 0.330555555556 0.02890625 0.113888888889
0 0.19375 0.286111111111 0.03515625 0.113888888889
1 0.528125 0.329166666667 0.03515625 0.127777777778
