1 0.675 0.472222222222 0.034375 0.143055555556
0 0.553125 0.359722222222 0.05 0.143055555556
1 0.55703125 0.397222222222 0.0359375 0.0916666666667
1 0.6765625 0.381944444444 0.04765625 0.143055555556
0 0.68203125 0.363888888889 0.040625 0.116666666667
1 0.56015625 0.406944444444 0.0421875 0.0930555555556
1 0.4109375 0.461111111111 0.04453125 0.143055555556
0 0.403125 0.598611111111 0.05703125 0.1875
1 0.621875 0.3625 0.04765625 0.158333333333
0 0.8171875 0.3125 0.04765625 0.1375
0 0.8671875 0.551388888889 0.053125 0.158333333333
