0 0.4109375 0.377777777778 0.02421875 0.0833333333333
1 0.5171875 0.383333333333 0.02734375 0.109722222222
0 0.65078125 0.345833333333 0.02890625 0.0958333333333
1 0.403125 0.322222222222 0.040625 0.136111111111
1 0.64921875 0.3375 0.028125 0.1125
1 0.29609375 0.394444444444 0.02578125 0.120833333333
0 0.49453125 0.497222222222 0.034375 0.109722222222
1 0.32421875 0.355555555556 0.01953125 0.0805555555556
0 0.275 0.293055555556 0.0328125 0.0888888888889
0 0.41640625 0.404166666667 0.01796875 0.0541666666667
1 0.409375 0.313888888889 0.0296875 0.0861111111111
1 0.13046875 0.283333333333 0.03359375 0.109722222222
0 0.8625 0.301388888889 0.03828125 0.115277777778
