1 0.628125 0.5625 0.02890625 0.115277777778
1 0.35625 0.497222222222 0.0328125 0.136111111111
1 0.78984375 0.434722222222 0.03046875 0.109722222222
0 0.52734375 0.301388888889 0.025 0.120833333333
0 0.1296875 0.286111111111 0.028125 0.0902777777778
1 0.59609375 0.322222222222 0.03203125 0.0916666666667
0 0.64609375 0.329166666667 0.0265625 0.0680555555556
0 0.6 0.395833333333 0.03828125 0.156944444444
1 0.43203125 0.334722222222 0.0296875 0.0916666666667
0 0.44375 0.572222222222 0.02734375 0.113888888889
1 0.2390625 0.398611111111 0.028125 0.113888888889
1 0.0953125 0.3 0.03203125 0.0902777777778
0 0.1203125 0.354166666667 0.03515625 0.109722222222
1 0.059375 0.372222222222 0.03046875 0.106944444444
