0 0.43828125 0.370833333333 0.0265625 0.0930555555556
1 0.703125 0.405555555556 0.02734375 0.109722222222
0 0.84765625 0.381944444444 0.03046875 0.1
1 0.65390625 0.3375 0.02734375 0.0916666666667
1 0.89453125 0.375 0.02734375 0.108333333333
1 0.3609375 0.422222222222 0.02421875 0.115277777778
0 0.675 0.538888888889 0.0359375 0.115277777778
1 0.3734375 0.370833333333 0.02265625 0.0930555555556
0 0.115625 0.877777777778 0.0546875 0.113888888889
0 0.34375 0.309722222222 0.0328125 0.0888888888889
0 0.17734375 0.352777777778 0.02578125 0.0958333333333
1 0.13671875 0.341666666667 0.02734375 0.111111111111
1 0.0640625 0.426388888889 0.03515625 0.119444444444
1 0.0046875 0.530555555556 0.040625 0.119444444444
0 0.53671875 0.323611111111 0.03125 0.0930555555556
1 0.51640625 0.319444444444 0.0296875 0.0861111111111
1 0.30703125 0.308333333333 0.02734375 0.0902777777778
