1 0.43359375 0.386111111111 0.03046875 0.120833333333
0 0.56796875 0.343055555556 0.03046875 0.1
1 0.56953125 0.338888888889 0.02734375 0.108333333333
1 0.21484375 0.397222222222 0.02578125 0.120833333333
0 0.3875 0.493055555556 0.03125 0.0986111111111
1 0.21953125 0.326388888889 0.021875 0.0888888888889
0 0.2046875 0.286111111111 0.0328125 0.0888888888889
0 0.80625 0.301388888889 0.0328125 0.1
0 0.31640625 0.297222222222 0.02734375 0.0944444444444
1 0.35625 0.323611111111 0.0328125 0.119444444444
0 0.3171875 0.380555555556 0.0359375 0.0736111111111
0 0.91484375 0.577777777778 0.05078125 0.169444444444
0 0.96328125 0.372222222222 0.03515625 0.118055555556
