1 0.490625 0.381944444444 0.03046875 0.120833333333
0 0.6265625 0.345833333333 0.02734375 0.0916666666667
1 0.625 0.330555555556 0.028125 0.1125
1 0.27109375 0.395833333333 0.02578125 0.120833333333
0 0.46328125 0.495833333333 0.034375 0.109722222222
1 0.28828125 0.355555555556 0.021875 0.0888888888889
0 0.25078125 0.293055555556 0.0328125 0.0888888888889
1 0.09609375 0.281944444444 0.03359375 0.109722222222
0 0.8484375 0.305555555556 0.0359375 0.109722222222
0 0.3515625 0.302777777778 0.02734375 0.0944444444444
1 0.39296875 0.330555555556 0.03125 0.113888888889
0 0.38046875 0.388888888889 0.0359375 0.0736111111111
