0 0.51796875 0.348611111111 0.02578125 0.0875
1 0.6890625 0.380555555556 0.02734375 0.109722222222
0 0.8765625 0.363888888889 0.03046875 0.1
1 0.58046875 0.334722222222 0.02890625 0.0958333333333
1 0.8796875 0.351388888889 0.028125 0.1125
1 0.42734375 0.3875 0.028125 0.133333333333
0 0.71484375 0.498611111111 0.0359375 0.115277777778
1 0.50234375 0.344444444444 0.01953125 0.0805555555556
0 0.06640625 0.85 0.05234375 0.108333333333
0 0.4359375 0.293055555556 0.034375 0.0930555555556
0 0.21796875 0.348611111111 0.02890625 0.105555555556
1 0.18359375 0.329166666667 0.02734375 0.111111111111
1 0.1265625 0.398611111111 0.03359375 0.113888888889
1 0.0453125 0.516666666667 0.04296875 0.125
0 0.559375 0.331944444444 0.0296875 0.0888888888889
1 0.5390625 0.320833333333 0.0265625 0.0777777777778
1 0.38125 0.286111111111 0.03203125 0.104166666667
