1 0.409375 0.463888888889 0.02890625 0.115277777778
0 0.56328125 0.279166666667 0.0578125 0.188888888889
0 0.5328125 0.498611111111 0.02578125 0.0819444444444
0 0.6546875 0.220833333333 0.0296875 0.0902777777778
0 0.21484375 0.170833333333 0.046875 0.161111111111
1 0.37421875 0.190277777778 0.04609375 0.168055555556
0 0.21640625 0.272222222222 0.0359375 0.0736111111111
0 0.665625 0.6 0.05078125 0.169444444444
0 0.94140625 0.338888888889 0.03515625 0.118055555556
1 0.1828125 0.418055555556 0.0328125 0.136111111111
1 0.190625 0.229166666667 0.02734375 0.108333333333
0 0.18359375 0.198611111111 0.03359375 0.108333333333
1 0.5609375 0.329166666667 0.03359375 0.122222222222
1 0.11796875 0.3375 0.03359375 0.108333333333
1 0.01015625 0.261111111111 0.025 0.0930555555556
