0 0.5375 0.363888888889 0.02421875 0.0833333333333
1 0.6515625 0.369444444444 0.02734375 0.109722222222
0 0.809375 0.351388888889 0.03046875 0.1
1 0.54296875 0.341666666667 0.03515625 0.116666666667
1 0.8109375 0.345833333333 0.02734375 0.108333333333
1 0.42421875 0.383333333333 0.02421875 0.115277777778
0 0.66796875 0.484722222222 0.0359375 0.115277777778
1 0.5125 0.347222222222 0.021875 0.0888888888889
0 0.4171875 0.291666666667 0.034375 0.0930555555556
0 0.178125 0.35 0.02890625 0.105555555556
1 0.15234375 0.331944444444 0.02734375 0.111111111111
1 0.09453125 0.393055555556 0.03515625 0.119444444444
1 0.034375 0.519444444444 0.040625 0.119444444444
0 0.53671875 0.363888888889 0.02734375 0.0805555555556
1 0.52265625 0.308333333333 0.034375 0.1
1 0.3421875 0.288888888889 0.03203125 0.104166666667
0 0.94296875 0.309722222222 0.0328125 0.1
