1 0.421875 0.458333333333 0.0359375 0.15
0 0.34375 0.4 0.0578125 0.165277777778
1 0.6921875 0.356944444444 0.0453125 0.136111111111
0 0.6953125 0.352777777778 0.03359375 0.0958333333333
1 0.48046875 0.402777777778 0.046875 0.101388888889
1 0.22265625 0.466666666667 0.04453125 0.143055555556
0 0.24921875 0.538888888889 0.0515625 0.169444444444
1 0.60390625 0.304166666667 0.053125 0.173611111111
0 0.7328125 0.301388888889 0.05 0.144444444444
0 0.37421875 0.475 0.0421875 0.123611111111
1 0.93984375 0.381944444444 0.0546875 0.138888888889
0 0.3671875 0.406944444444 0.0375 0.154166666667
1 0.9265625 0.497222222222 0.0421875 0.141666666667
