1 0.4078125 0.569444444444 0.03203125 0.127777777778
0 0.48515625 0.622222222222 0.0484375 0.161111111111
1 0.25859375 0.508333333333 0.034375 0.143055555556
1 0.53046875 0.461111111111 0.03203125 0.115277777778
0 0.225 0.323611111111 0.01796875 0.0861111111111
0 0.01875 0.251388888889 0.025 0.0819444444444
1 0.35 0.379166666667 0.03671875 0.105555555556
0 0.55 0.309722222222 0.04453125 0.118055555556
0 0.309375 0.409722222222 0.03203125 0.130555555556
1 0.08359375 0.359722222222 0.0296875 0.0902777777778
0 0.790625 0.45 0.0296875 0.129166666667
0 0.34453125 0.5875 0.028125 0.119444444444
