1 0.5375 0.548611111111 0.02890625 0.115277777778
0 0.74453125 0.495833333333 0.02578125 0.0819444444444
0 0.67734375 0.644444444444 0.04609375 0.152777777778
1 0.340625 0.45 0.0296875 0.123611111111
1 0.70625 0.351388888889 0.02890625 0.104166666667
1 0.2515625 0.345833333333 0.03046875 0.0986111111111
1 0.1890625 0.252777777778 0.0234375 0.0888888888889
0 0.3859375 0.247222222222 0.0265625 0.126388888889
0 0.346875 0.186111111111 0.025 0.0819444444444
1 0.50390625 0.290277777778 0.03359375 0.0958333333333
1 0.090625 0.341666666667 0.0390625 0.0958333333333
0 0.8625 0.245833333333 0.03828125 0.102777777778
0 0.67421875 0.301388888889 0.03046875 0.123611111111
0 0.03203125 0.368055555556 0.0359375 0.108333333333
0 0.340625 0.281944444444 0.02578125 0.0944444444444
1 0.328125 0.263888888889 0.0328125 0.1
