1 0.61796875 0.483333333333 0.03828125 0.156944444444
0 0.42890625 0.277777777778 0.0390625 0.127777777778
0 0.17578125 0.356944444444 0.0453125 0.129166666667
1 0.15390625 0.393055555556 0.04609375 0.118055555556
0 0.796875 0.555555555556 0.0484375 0.148611111111
1 0.9078125 0.319444444444 0.03828125 0.130555555556
0 0.86171875 0.279166666667 0.05234375 0.1625
1 0.771875 0.325 0.06484375 0.127777777778
1 0.4796875 0.366666666667 0.05234375 0.158333333333
0 0.45703125 0.329166666667 0.04453125 0.129166666667
1 0.3828125 0.2875 0.0484375 0.116666666667
1 0.3234375 0.35 0.0546875 0.118055555556
1 0.0984375 0.552777777778 0.0484375 0.156944444444
0 0.01015625 0.801388888889 0.06015625 0.197222222222
