1 0.30078125 0.393055555556 0.02734375 0.109722222222
0 0.42578125 0.286111111111 0.040625 0.134722222222
0 0.22421875 0.497222222222 0.034375 0.109722222222
0 0.55859375 0.261111111111 0.028125 0.0861111111111
0 0.13515625 0.258333333333 0.03359375 0.115277777778
1 0.24765625 0.269444444444 0.034375 0.125
0 0.134375 0.281944444444 0.034375 0.0694444444444
0 0.74609375 0.570833333333 0.053125 0.177777777778
0 0.8171875 0.344444444444 0.0390625 0.130555555556
1 0.03671875 0.376388888889 0.034375 0.143055555556
1 0.07265625 0.280555555556 0.02734375 0.108333333333
0 0.06484375 0.233333333333 0.03515625 0.113888888889
1 0.42578125 0.286111111111 0.0390625 0.140277777778
