1 0.40234375 0.551388888889 0.03203125 0.127777777778
0 0.50625 0.623611111111 0.04609375 0.152777777778
1 0.25078125 0.506944444444 0.034375 0.143055555556
1 0.5390625 0.433333333333 0.03203125 0.115277777778
0 0.2328125 0.318055555556 0.01875 0.0902777777778
0 0.00234375 0.259722222222 0.0265625 0.0861111111111
1 0.359375 0.368055555556 0.03671875 0.105555555556
0 0.534375 0.308333333333 0.0421875 0.1125
0 0.30234375 0.420833333333 0.03046875 0.123611111111
1 0.0953125 0.366666666667 0.0296875 0.0902777777778
0 0.77421875 0.447222222222 0.02734375 0.116666666667
0 0.3015625 0.580555555556 0.028125 0.119444444444
