1 0.81796875 0.493055555556 0.034375 0.143055555556
0 0.765625 0.316666666667 0.03046875 0.1
0 0.3671875 0.345833333333 0.04296875 0.123611111111
1 0.3359375 0.368055555556 0.0421875 0.106944444444
1 0.73125 0.368055555556 0.05 0.151388888889
0 0.72734375 0.354166666667 0.04453125 0.129166666667
1 0.6515625 0.295833333333 0.053125 0.129166666667
1 0.5515625 0.361111111111 0.04921875 0.106944444444
1 0.29453125 0.509722222222 0.0421875 0.136111111111
0 0.31875 0.779166666667 0.06328125 0.206944444444
