1 0.40078125 0.551388888889 0.03203125 0.127777777778
0 0.5109375 0.622222222222 0.04609375 0.152777777778
1 0.25078125 0.504166666667 0.034375 0.143055555556
1 0.54140625 0.436111111111 0.03203125 0.115277777778
0 0.23359375 0.320833333333 0.01875 0.0902777777778
0 0.0 0.256944444444 0.0265625 0.0861111111111
1 0.3609375 0.373611111111 0.03515625 0.1
0 0.534375 0.3125 0.0421875 0.1125
0 0.30234375 0.420833333333 0.03046875 0.123611111111
1 0.09609375 0.363888888889 0.0296875 0.0902777777778
0 0.7734375 0.447222222222 0.02734375 0.116666666667
0 0.29765625 0.584722222222 0.028125 0.119444444444
