1 0.40390625 0.452777777778 0.0359375 0.15
0 0.34140625 0.391666666667 0.0578125 0.165277777778
1 0.6953125 0.351388888889 0.04765625 0.143055555556
0 0.70078125 0.348611111111 0.03359375 0.0958333333333
1 0.48515625 0.411111111111 0.046875 0.101388888889
1 0.221875 0.463888888889 0.046875 0.15
0 0.24296875 0.541666666667 0.0515625 0.169444444444
1 0.61171875 0.313888888889 0.04765625 0.158333333333
0 0.76953125 0.304166666667 0.05 0.144444444444
0 0.365625 0.475 0.03984375 0.118055555556
1 0.94765625 0.386111111111 0.05234375 0.131944444444
0 0.3546875 0.388888888889 0.04375 0.179166666667
1 0.9046875 0.488888888889 0.0421875 0.141666666667
