0 0.4546875 0.3625 0.028125 0.0972222222222
1 0.69296875 0.4 0.02734375 0.109722222222
0 0.859375 0.379166666667 0.03046875 0.1
1 0.6140625 0.333333333333 0.02734375 0.0916666666667
1 0.8859375 0.375 0.02734375 0.108333333333
1 0.378125 0.416666666667 0.02421875 0.115277777778
0 0.6859375 0.527777777778 0.03828125 0.120833333333
1 0.41171875 0.366666666667 0.02265625 0.0930555555556
0 0.09453125 0.876388888889 0.05 0.102777777778
0 0.378125 0.305555555556 0.034375 0.0930555555556
0 0.18203125 0.351388888889 0.02890625 0.105555555556
1 0.14765625 0.340277777778 0.02734375 0.111111111111
1 0.0765625 0.411111111111 0.03359375 0.113888888889
1 0.0015625 0.536111111111 0.040625 0.119444444444
0 0.54375 0.323611111111 0.0328125 0.0972222222222
1 0.525 0.327777777778 0.0296875 0.0861111111111
1 0.35 0.308333333333 0.02578125 0.0861111111111
