1 0.48671875 0.465277777778 0.0359375 0.15
0 0.37578125 0.365277777778 0.06640625 0.191666666667
1 0.63359375 0.355555555556 0.0453125 0.136111111111
0 0.6375 0.354166666667 0.03515625 0.101388888889
1 0.44921875 0.3875 0.04921875 0.106944444444
1 0.21875 0.468055555556 0.04921875 0.156944444444
0 0.23203125 0.523611111111 0.0546875 0.179166666667
1 0.56328125 0.304166666667 0.05546875 0.181944444444
0 0.66015625 0.306944444444 0.0453125 0.130555555556
0 0.4453125 0.511111111111 0.04375 0.129166666667
1 0.88203125 0.397222222222 0.0546875 0.138888888889
0 0.41171875 0.384722222222 0.034375 0.140277777778
1 0.953125 0.501388888889 0.04453125 0.148611111111
