1 0.509375 0.568055555556 0.03046875 0.120833333333
0 0.7734375 0.625 0.0484375 0.161111111111
1 0.31875 0.505555555556 0.03125 0.129166666667
1 0.66953125 0.431944444444 0.03515625 0.127777777778
0 0.38046875 0.3 0.021875 0.104166666667
0 0.0796875 0.281944444444 0.0265625 0.0861111111111
1 0.525 0.348611111111 0.03515625 0.1
0 0.56484375 0.355555555556 0.03515625 0.0930555555556
0 0.4484375 0.420833333333 0.03671875 0.15
1 0.290625 0.341666666667 0.03125 0.0958333333333
0 0.95 0.468055555556 0.03125 0.134722222222
0 0.35703125 0.584722222222 0.02734375 0.113888888889
1 0.1578125 0.413888888889 0.034375 0.138888888889
1 0.05234375 0.309722222222 0.03515625 0.1
0 0.03984375 0.393055555556 0.03359375 0.104166666667
