1 0.61171875 0.615277777778 0.03046875 0.120833333333
0 0.7671875 0.555555555556 0.028125 0.0902777777778
0 0.69921875 0.625 0.05078125 0.169444444444
1 0.403125 0.509722222222 0.028125 0.118055555556
1 0.6953125 0.413888888889 0.03046875 0.109722222222
1 0.1984375 0.4 0.03046875 0.0986111111111
1 0.17734375 0.298611111111 0.0234375 0.0888888888889
0 0.38515625 0.3 0.02109375 0.0986111111111
0 0.3203125 0.206944444444 0.025 0.0819444444444
1 0.5140625 0.343055555556 0.03359375 0.0958333333333
1 0.078125 0.381944444444 0.04140625 0.1
0 0.86953125 0.288888888889 0.04921875 0.130555555556
0 0.6171875 0.348611111111 0.02734375 0.1125
0 0.29296875 0.327777777778 0.02421875 0.0902777777778
1 0.290625 0.308333333333 0.034375 0.105555555556
0 0.090625 0.75 0.06015625 0.2
