1 0.66640625 0.470833333333 0.034375 0.143055555556
0 0.54609375 0.358333333333 0.05 0.143055555556
1 0.55078125 0.390277777778 0.0359375 0.0916666666667
1 0.67109375 0.376388888889 0.05 0.151388888889
0 0.67734375 0.361111111111 0.040625 0.116666666667
1 0.55390625 0.402777777778 0.0421875 0.0930555555556
1 0.40703125 0.468055555556 0.0421875 0.136111111111
0 0.4 0.597222222222 0.0546875 0.179166666667
1 0.61328125 0.363888888889 0.04765625 0.158333333333
0 0.8078125 0.313888888889 0.0453125 0.130555555556
0 0.85546875 0.538888888889 0.05078125 0.15
