1 0.50703125 0.504166666667 0.02734375 0.109722222222
0 0.690625 0.466666666667 0.02734375 0.0861111111111
0 0.6609375 0.613888888889 0.0484375 0.161111111111
1 0.30078125 0.422222222222 0.02734375 0.1125
1 0.66875 0.322222222222 0.03046875 0.109722222222
1 0.2328125 0.323611111111 0.02890625 0.0944444444444
1 0.15703125 0.233333333333 0.0265625 0.0972222222222
0 0.35234375 0.229166666667 0.0265625 0.126388888889
0 0.30625 0.280555555556 0.0296875 0.0791666666667
0 0.31328125 0.170833333333 0.0265625 0.0861111111111
1 0.30234375 0.248611111111 0.0265625 0.0861111111111
1 0.46875 0.270833333333 0.03359375 0.0958333333333
1 0.06328125 0.322222222222 0.0390625 0.0958333333333
0 0.809375 0.227777777778 0.03828125 0.102777777778
0 0.6609375 0.279166666667 0.03046875 0.123611111111
0 0.0078125 0.344444444444 0.0375 0.113888888889
