1 0.48203125 0.561111111111 0.03046875 0.120833333333
0 0.72109375 0.626388888889 0.0484375 0.161111111111
1 0.3125 0.506944444444 0.03125 0.129166666667
1 0.6453125 0.436111111111 0.03359375 0.120833333333
0 0.35078125 0.305555555556 0.02109375 0.0986111111111
0 0.07265625 0.279166666667 0.02734375 0.0902777777778
1 0.50390625 0.354166666667 0.03515625 0.1
0 0.58984375 0.316666666667 0.03359375 0.0875
0 0.41796875 0.430555555556 0.03359375 0.136111111111
1 0.253125 0.35 0.03125 0.0958333333333
0 0.915625 0.469444444444 0.0328125 0.141666666667
0 0.33828125 0.586111111111 0.028125 0.119444444444
1 0.1390625 0.427777777778 0.0328125 0.131944444444
1 0.0359375 0.309722222222 0.03671875 0.105555555556
0 0.01875 0.4 0.03359375 0.104166666667
