0 0.54453125 0.343055555556 0.0234375 0.0805555555556
1 0.6921875 0.376388888889 0.02578125 0.104166666667
0 0.8796875 0.355555555556 0.03046875 0.1
1 0.58515625 0.326388888889 0.02890625 0.0958333333333
1 0.87890625 0.343055555556 0.028125 0.1125
1 0.446875 0.379166666667 0.028125 0.133333333333
0 0.7203125 0.488888888889 0.0359375 0.115277777778
1 0.53359375 0.341666666667 0.0203125 0.0847222222222
0 0.05859375 0.831944444444 0.05 0.102777777778
0 0.45 0.2875 0.034375 0.0930555555556
0 0.22734375 0.345833333333 0.02890625 0.105555555556
1 0.19375 0.325 0.02734375 0.111111111111
1 0.1359375 0.393055555556 0.03359375 0.113888888889
1 0.0625 0.520833333333 0.040625 0.119444444444
0 0.565625 0.343055555556 0.028125 0.0847222222222
1 0.5546875 0.322222222222 0.0296875 0.0861111111111
1 0.3890625 0.284722222222 0.03203125 0.104166666667
