0 0.5578125 0.35 0.02421875 0.0833333333333
1 0.68203125 0.373611111111 0.02734375 0.109722222222
0 0.859375 0.352777777778 0.03046875 0.1
1 0.56796875 0.334722222222 0.03359375 0.111111111111
1 0.859375 0.3375 0.0296875 0.119444444444
1 0.45 0.375 0.0265625 0.127777777778
0 0.709375 0.488888888889 0.0359375 0.115277777778
1 0.54609375 0.348611111111 0.01953125 0.0805555555556
0 0.03671875 0.8375 0.05 0.102777777778
0 0.4453125 0.2875 0.0359375 0.0972222222222
0 0.2171875 0.340277777778 0.03046875 0.109722222222
1 0.1890625 0.329166666667 0.02578125 0.105555555556
1 0.13125 0.394444444444 0.03359375 0.113888888889
1 0.06328125 0.526388888889 0.040625 0.119444444444
0 0.55625 0.348611111111 0.028125 0.0847222222222
1 0.55859375 0.313888888889 0.03125 0.0902777777778
1 0.38046875 0.280555555556 0.03359375 0.109722222222
