1 0.5109375 0.565277777778 0.03046875 0.120833333333
0 0.778125 0.622222222222 0.0484375 0.161111111111
1 0.31875 0.506944444444 0.03125 0.129166666667
1 0.671875 0.433333333333 0.03359375 0.120833333333
0 0.38203125 0.3 0.021875 0.104166666667
0 0.0796875 0.279166666667 0.0265625 0.0861111111111
1 0.52734375 0.345833333333 0.03515625 0.1
0 0.56640625 0.358333333333 0.03515625 0.0930555555556
0 0.4515625 0.418055555556 0.03671875 0.15
1 0.29296875 0.343055555556 0.03125 0.0958333333333
0 0.95234375 0.470833333333 0.03125 0.134722222222
0 0.3578125 0.586111111111 0.02578125 0.108333333333
1 0.159375 0.413888888889 0.034375 0.138888888889
1 0.0546875 0.306944444444 0.03515625 0.1
0 0.04140625 0.393055555556 0.03359375 0.104166666667
