1 0.40234375 0.455555555556 0.02890625 0.115277777778
0 0.55859375 0.272222222222 0.0578125 0.188888888889
0 0.50859375 0.4875 0.028125 0.0902777777778
0 0.64375 0.219444444444 0.0296875 0.0902777777778
0 0.20859375 0.165277777778 0.04921875 0.169444444444
1 0.365625 0.193055555556 0.0421875 0.152777777778
0 0.209375 0.269444444444 0.0359375 0.0736111111111
0 0.6765625 0.586111111111 0.05078125 0.169444444444
0 0.9359375 0.331944444444 0.03515625 0.118055555556
1 0.17578125 0.405555555556 0.034375 0.143055555556
1 0.1859375 0.236111111111 0.02734375 0.108333333333
0 0.18046875 0.198611111111 0.03359375 0.108333333333
1 0.55390625 0.326388888889 0.03359375 0.122222222222
1 0.11015625 0.3375 0.03359375 0.108333333333
