1 0.48203125 0.380555555556 0.03046875 0.120833333333
0 0.6171875 0.345833333333 0.02734375 0.0916666666667
1 0.6171875 0.336111111111 0.028125 0.1125
1 0.2625 0.395833333333 0.02578125 0.120833333333
0 0.45234375 0.494444444444 0.034375 0.109722222222
1 0.278125 0.35 0.02265625 0.0930555555556
0 0.24453125 0.293055555556 0.0328125 0.0888888888889
1 0.0890625 0.279166666667 0.03359375 0.109722222222
0 0.84140625 0.304166666667 0.034375 0.105555555556
0 0.34609375 0.304166666667 0.02734375 0.0944444444444
1 0.384375 0.329166666667 0.03125 0.113888888889
0 0.37265625 0.3875 0.0359375 0.0736111111111
