1 0.48203125 0.466666666667 0.02734375 0.109722222222
0 0.6265625 0.236111111111 0.0578125 0.188888888889
0 0.64765625 0.454166666667 0.02421875 0.0777777777778
0 0.76015625 0.183333333333 0.0328125 0.1
0 0.6671875 0.609722222222 0.0484375 0.161111111111
1 0.26796875 0.393055555556 0.034375 0.143055555556
1 0.63984375 0.308333333333 0.03046875 0.109722222222
1 0.21171875 0.316666666667 0.02734375 0.0888888888889
1 0.125 0.222222222222 0.02890625 0.108333333333
0 0.31953125 0.220833333333 0.0265625 0.126388888889
0 0.28671875 0.272222222222 0.0296875 0.0791666666667
0 0.28046875 0.172222222222 0.025 0.0819444444444
1 0.27421875 0.234722222222 0.028125 0.0902777777778
1 0.43984375 0.261111111111 0.03359375 0.0958333333333
1 0.03515625 0.311111111111 0.0390625 0.0958333333333
