0 0.44921875 0.370833333333 0.0265625 0.0930555555556
1 0.696875 0.401388888889 0.02890625 0.115277777778
0 0.85546875 0.377777777778 0.03046875 0.1
1 0.6296875 0.331944444444 0.02734375 0.0916666666667
1 0.8921875 0.369444444444 0.02734375 0.108333333333
1 0.37109375 0.419444444444 0.02421875 0.115277777778
0 0.68359375 0.533333333333 0.03828125 0.120833333333
1 0.3953125 0.365277777778 0.02265625 0.0930555555556
0 0.10546875 0.883333333333 0.0546875 0.113888888889
0 0.36328125 0.308333333333 0.0328125 0.0888888888889
0 0.17890625 0.351388888889 0.02890625 0.105555555556
1 0.14609375 0.341666666667 0.02734375 0.111111111111
1 0.0703125 0.418055555556 0.03359375 0.113888888889
1 0.00078125 0.533333333333 0.040625 0.119444444444
0 0.54140625 0.329166666667 0.03125 0.0930555555556
1 0.51953125 0.309722222222 0.0328125 0.0944444444444
1 0.328125 0.309722222222 0.02890625 0.0944444444444
