1 0.40625 0.559722222222 0.03203125 0.127777777778
0 0.54375 0.620833333333 0.04609375 0.152777777778
1 0.2578125 0.508333333333 0.0328125 0.136111111111
1 0.55859375 0.443055555556 0.03515625 0.127777777778
0 0.24375 0.3 0.02265625 0.109722222222
0 0.00625 0.266666666667 0.025 0.0819444444444
1 0.38046875 0.373611111111 0.03515625 0.1
0 0.53984375 0.316666666667 0.0421875 0.1125
0 0.31328125 0.426388888889 0.03046875 0.123611111111
1 0.11640625 0.3625 0.0328125 0.1
0 0.7890625 0.45 0.03125 0.134722222222
0 0.28203125 0.586111111111 0.0296875 0.125
1 0.03125 0.456944444444 0.0328125 0.131944444444
