1 0.83671875 0.479166666667 0.034375 0.143055555556
0 0.8203125 0.318055555556 0.03046875 0.1
0 0.42109375 0.345833333333 0.04296875 0.123611111111
1 0.384375 0.365277777778 0.04609375 0.118055555556
1 0.76875 0.373611111111 0.05 0.151388888889
0 0.75703125 0.343055555556 0.04453125 0.129166666667
1 0.6984375 0.304166666667 0.05078125 0.122222222222
1 0.59453125 0.361111111111 0.04921875 0.106944444444
1 0.33984375 0.504166666667 0.04609375 0.15
0 0.36953125 0.733333333333 0.06328125 0.206944444444
