0 0.4375 0.368055555556 0.0265625 0.0930555555556
1 0.70390625 0.406944444444 0.02734375 0.109722222222
0 0.846875 0.383333333333 0.03046875 0.1
1 0.65859375 0.334722222222 0.02734375 0.0916666666667
1 0.8953125 0.376388888889 0.02734375 0.108333333333
1 0.36015625 0.419444444444 0.02421875 0.115277777778
0 0.67421875 0.540277777778 0.0359375 0.115277777778
1 0.37265625 0.369444444444 0.02265625 0.0930555555556
0 0.1171875 0.879166666667 0.0546875 0.113888888889
0 0.34140625 0.308333333333 0.0328125 0.0888888888889
0 0.17578125 0.352777777778 0.02578125 0.0958333333333
1 0.1359375 0.341666666667 0.02734375 0.111111111111
1 0.06328125 0.425 0.03515625 0.119444444444
1 0.00546875 0.531944444444 0.040625 0.119444444444
0 0.5375 0.323611111111 0.03125 0.0930555555556
1 0.51796875 0.316666666667 0.0296875 0.0861111111111
1 0.30703125 0.308333333333 0.02734375 0.0902777777778
