1 0.57421875 0.601388888889 0.03359375 0.133333333333
0 0.68203125 0.573611111111 0.02734375 0.0861111111111
0 0.63671875 0.616666666667 0.0484375 0.161111111111
1 0.3765625 0.520833333333 0.03125 0.129166666667
1 0.634375 0.459722222222 0.03046875 0.109722222222
1 0.11640625 0.418055555556 0.03046875 0.0986111111111
1 0.1203125 0.305555555556 0.0265625 0.0972222222222
0 0.3359375 0.327777777778 0.01796875 0.0861111111111
0 0.23984375 0.222222222222 0.0265625 0.0861111111111
1 0.4640625 0.3625 0.03515625 0.1
1 0.015625 0.4125 0.0453125 0.109722222222
0 0.7984375 0.309722222222 0.04453125 0.118055555556
0 0.52734375 0.383333333333 0.02734375 0.1125
0 0.2046875 0.338888888889 0.0328125 0.120833333333
1 0.20625 0.334722222222 0.0359375 0.109722222222
0 0.0296875 0.7625 0.0625 0.209722222222
