1 0.3171875 0.381944444444 0.03046875 0.120833333333
0 0.43515625 0.3 0.03671875 0.122222222222
0 0.2359375 0.484722222222 0.034375 0.109722222222
0 0.609375 0.272222222222 0.0296875 0.0902777777778
0 0.19375 0.255555555556 0.03046875 0.104166666667
1 0.2625 0.293055555556 0.034375 0.125
0 0.16640625 0.311111111111 0.0328125 0.0666666666667
0 0.78671875 0.569444444444 0.053125 0.177777777778
0 0.8515625 0.354166666667 0.0390625 0.130555555556
1 0.046875 0.370833333333 0.03828125 0.156944444444
1 0.06875 0.295833333333 0.02734375 0.108333333333
0 0.084375 0.245833333333 0.03359375 0.108333333333
1 0.43125 0.2875 0.040625 0.148611111111
