1 0.6515625 0.552777777778 0.02890625 0.115277777778
1 0.36875 0.477777777778 0.034375 0.143055555556
1 0.815625 0.427777777778 0.03046875 0.109722222222
0 0.553125 0.3 0.025 0.120833333333
0 0.14921875 0.288888888889 0.028125 0.0902777777778
1 0.61328125 0.325 0.03203125 0.0916666666667
0 0.65859375 0.344444444444 0.025 0.0652777777778
0 0.6296875 0.397222222222 0.040625 0.165277777778
1 0.46171875 0.3375 0.0296875 0.0916666666667
0 0.471875 0.570833333333 0.02578125 0.108333333333
1 0.25078125 0.395833333333 0.028125 0.113888888889
1 0.1109375 0.298611111111 0.03359375 0.0944444444444
0 0.14140625 0.348611111111 0.03515625 0.109722222222
1 0.07265625 0.3625 0.03046875 0.106944444444
