1 0.38984375 0.379166666667 0.03046875 0.120833333333
0 0.5125 0.329166666667 0.03203125 0.105555555556
0 0.31484375 0.479166666667 0.0359375 0.115277777778
0 0.74921875 0.277777777778 0.03125 0.0958333333333
0 0.28828125 0.283333333333 0.025 0.0861111111111
1 0.3328125 0.305555555556 0.0359375 0.131944444444
0 0.265625 0.359722222222 0.0359375 0.0736111111111
0 0.8734375 0.566666666667 0.053125 0.177777777778
0 0.94453125 0.375 0.03671875 0.123611111111
1 0.1453125 0.372222222222 0.034375 0.143055555556
1 0.11171875 0.329166666667 0.03125 0.122222222222
1 0.14921875 0.318055555556 0.02890625 0.113888888889
0 0.1703125 0.269444444444 0.03515625 0.113888888889
1 0.49765625 0.319444444444 0.03515625 0.127777777778
