1 0.3953125 0.377777777778 0.03203125 0.126388888889
0 0.52109375 0.329166666667 0.03203125 0.105555555556
0 0.3265625 0.477777777778 0.0359375 0.115277777778
0 0.76015625 0.281944444444 0.03125 0.0958333333333
0 0.29453125 0.286111111111 0.02578125 0.0902777777778
1 0.340625 0.308333333333 0.0359375 0.131944444444
0 0.27265625 0.365277777778 0.0359375 0.0736111111111
0 0.87890625 0.570833333333 0.053125 0.177777777778
0 0.94921875 0.375 0.03671875 0.123611111111
1 0.15703125 0.381944444444 0.0328125 0.136111111111
1 0.12421875 0.334722222222 0.03125 0.122222222222
1 0.159375 0.320833333333 0.02890625 0.113888888889
0 0.178125 0.272222222222 0.03515625 0.113888888889
1 0.5046875 0.325 0.03515625 0.127777777778
