1 0.41796875 0.473611111111 0.02890625 0.115277777778
0 0.571875 0.277777777778 0.0578125 0.188888888889
0 0.55546875 0.5 0.02578125 0.0819444444444
0 0.6671875 0.219444444444 0.03125 0.0958333333333
1 0.403125 0.179166666667 0.04609375 0.168055555556
0 0.6578125 0.611111111111 0.0484375 0.161111111111
0 0.953125 0.340277777778 0.03515625 0.118055555556
1 0.19375 0.418055555556 0.0328125 0.136111111111
1 0.19921875 0.230555555556 0.02734375 0.108333333333
0 0.19609375 0.197222222222 0.03359375 0.108333333333
1 0.57265625 0.336111111111 0.03046875 0.109722222222
1 0.13046875 0.344444444444 0.03515625 0.113888888889
1 0.028125 0.258333333333 0.025 0.0930555555556
0 0.240625 0.244444444444 0.025 0.120833333333
0 0.21875 0.291666666667 0.03125 0.0833333333333
