1 0.6578125 0.472222222222 0.034375 0.143055555556
0 0.53984375 0.352777777778 0.05 0.143055555556
1 0.5453125 0.393055555556 0.0359375 0.0916666666667
1 0.66484375 0.372222222222 0.05234375 0.158333333333
0 0.6734375 0.358333333333 0.040625 0.116666666667
1 0.5484375 0.398611111111 0.0421875 0.0930555555556
1 0.40234375 0.465277777778 0.0421875 0.136111111111
0 0.39375 0.588888888889 0.0546875 0.179166666667
1 0.60546875 0.368055555556 0.04765625 0.158333333333
0 0.79921875 0.315277777778 0.0453125 0.130555555556
0 0.840625 0.531944444444 0.053125 0.158333333333
