1 0.42578125 0.568055555556 0.03203125 0.127777777778
0 0.5953125 0.633333333333 0.04609375 0.152777777778
1 0.2765625 0.515277777778 0.0296875 0.123611111111
1 0.58359375 0.443055555556 0.03671875 0.133333333333
0 0.27109375 0.308333333333 0.021875 0.104166666667
0 0.02890625 0.275 0.0265625 0.0861111111111
1 0.4203125 0.376388888889 0.03515625 0.1
0 0.56015625 0.325 0.040625 0.106944444444
0 0.34140625 0.436111111111 0.03359375 0.136111111111
1 0.1578125 0.366666666667 0.0328125 0.1
0 0.82890625 0.468055555556 0.03125 0.134722222222
0 0.2921875 0.590277777778 0.0296875 0.125
1 0.075 0.451388888889 0.03125 0.125
