1 0.51328125 0.566666666667 0.03046875 0.120833333333
0 0.78359375 0.623611111111 0.0484375 0.161111111111
1 0.31875 0.508333333333 0.0328125 0.136111111111
1 0.67421875 0.433333333333 0.03359375 0.120833333333
0 0.38515625 0.301388888889 0.021875 0.104166666667
0 0.0796875 0.283333333333 0.0265625 0.0861111111111
1 0.53046875 0.344444444444 0.03515625 0.1
0 0.57734375 0.343055555556 0.03515625 0.0930555555556
0 0.4546875 0.418055555556 0.03671875 0.15
1 0.29765625 0.340277777778 0.03125 0.0958333333333
0 0.95625 0.472222222222 0.03125 0.134722222222
0 0.36015625 0.588888888889 0.02421875 0.102777777778
1 0.1625 0.415277777778 0.0328125 0.131944444444
1 0.05546875 0.305555555556 0.03515625 0.1
0 0.04296875 0.393055555556 0.03359375 0.104166666667
