0 0.1546875 0.426388888889 0.0265625 0.0930555555556
1 0.2296875 0.390277777778 0.0265625 0.0861111111111
1 0.51640625 0.481944444444 0.02890625 0.115277777778
0 0.409375 0.366666666667 0.0234375 0.0875
0 0.60859375 0.420833333333 0.02890625 0.0958333333333
1 0.56953125 0.35 0.0234375 0.0791666666667
0 0.65546875 0.341666666667 0.02734375 0.0916666666667
1 0.7078125 0.405555555556 0.0234375 0.0930555555556
1 0.096875 0.494444444444 0.02421875 0.115277777778
0 0.24765625 0.611111111111 0.03984375 0.126388888889
1 0.04921875 0.444444444444 0.02265625 0.0930555555556
