1 0.47578125 0.466666666667 0.034375 0.143055555556
0 0.35390625 0.383333333333 0.06015625 0.173611111111
1 0.64765625 0.356944444444 0.0453125 0.136111111111
0 0.646875 0.352777777778 0.03515625 0.101388888889
1 0.453125 0.4 0.04921875 0.106944444444
1 0.215625 0.469444444444 0.04921875 0.156944444444
0 0.2265625 0.513888888889 0.06015625 0.197222222222
1 0.57734375 0.313888888889 0.05 0.165277777778
0 0.665625 0.302777777778 0.04765625 0.1375
0 0.42265625 0.490277777778 0.04375 0.129166666667
1 0.89296875 0.397222222222 0.0546875 0.138888888889
0 0.41015625 0.397222222222 0.034375 0.140277777778
1 0.9484375 0.505555555556 0.04453125 0.148611111111
