1 0.4828125 0.586111111111 0.03359375 0.133333333333
0 0.53984375 0.644444444444 0.028125 0.0902777777778
0 0.52890625 0.619444444444 0.0484375 0.161111111111
1 0.31328125 0.540277777778 0.03125 0.129166666667
1 0.55703125 0.455555555556 0.03515625 0.127777777778
1 0.00390625 0.455555555556 0.03046875 0.0986111111111
1 0.02578125 0.318055555556 0.0234375 0.0888888888889
0 0.259375 0.343055555556 0.01875 0.0902777777778
0 0.11328125 0.238888888889 0.0265625 0.0861111111111
1 0.38671875 0.391666666667 0.04453125 0.127777777778
0 0.66875 0.319444444444 0.04453125 0.118055555556
0 0.39765625 0.390277777778 0.02890625 0.118055555556
1 0.11953125 0.347222222222 0.034375 0.105555555556
0 0.90234375 0.436111111111 0.0328125 0.141666666667
0 0.0625 0.3625 0.03515625 0.122222222222
