1 0.2984375 0.390277777778 0.02734375 0.109722222222
0 0.4328125 0.2875 0.040625 0.134722222222
0 0.22578125 0.497222222222 0.034375 0.109722222222
0 0.5515625 0.251388888889 0.0296875 0.0902777777778
0 0.12890625 0.236111111111 0.03671875 0.126388888889
1 0.2484375 0.268055555556 0.034375 0.125
0 0.13046875 0.273611111111 0.034375 0.0694444444444
0 0.74140625 0.569444444444 0.053125 0.177777777778
0 0.821875 0.338888888889 0.03671875 0.123611111111
1 0.04140625 0.370833333333 0.0359375 0.15
1 0.08125 0.270833333333 0.02734375 0.108333333333
0 0.0703125 0.236111111111 0.03359375 0.108333333333
1 0.43203125 0.2875 0.040625 0.148611111111
