1 0.4015625 0.555555555556 0.03203125 0.127777777778
0 0.5140625 0.625 0.04609375 0.152777777778
1 0.2515625 0.505555555556 0.034375 0.143055555556
1 0.54453125 0.4375 0.03203125 0.115277777778
0 0.234375 0.318055555556 0.01953125 0.0944444444444
0 0.0 0.258333333333 0.0265625 0.0861111111111
1 0.36171875 0.370833333333 0.03515625 0.1
0 0.534375 0.311111111111 0.040625 0.106944444444
0 0.303125 0.420833333333 0.03046875 0.123611111111
1 0.0984375 0.3625 0.0296875 0.0902777777778
0 0.775 0.448611111111 0.02734375 0.116666666667
0 0.29453125 0.586111111111 0.02734375 0.113888888889
1 0.00234375 0.444444444444 0.0328125 0.131944444444
