1 0.3640625 0.408333333333 0.02890625 0.115277777778
0 0.5203125 0.2625 0.0546875 0.180555555556
0 0.39453125 0.477777777778 0.0328125 0.104166666667
0 0.6 0.218055555556 0.03125 0.0958333333333
0 0.16484375 0.209722222222 0.046875 0.161111111111
1 0.31875 0.215277777778 0.0421875 0.152777777778
0 0.1765625 0.259722222222 0.034375 0.0694444444444
0 0.71015625 0.577777777778 0.053125 0.177777777778
0 0.90625 0.320833333333 0.03515625 0.118055555556
1 0.13671875 0.373611111111 0.034375 0.143055555556
1 0.16328125 0.229166666667 0.03203125 0.125
0 0.1375 0.186111111111 0.03203125 0.102777777778
1 0.51328125 0.304166666667 0.0390625 0.140277777778
1 0.06015625 0.325 0.03359375 0.108333333333
