1 0.47734375 0.383333333333 0.03046875 0.120833333333
0 0.61484375 0.344444444444 0.02734375 0.0916666666667
1 0.61328125 0.334722222222 0.028125 0.1125
1 0.25859375 0.395833333333 0.02578125 0.120833333333
0 0.44765625 0.497222222222 0.034375 0.109722222222
1 0.27265625 0.35 0.02265625 0.0930555555556
0 0.2421875 0.293055555556 0.0328125 0.0888888888889
1 0.0890625 0.279166666667 0.03359375 0.109722222222
0 0.83984375 0.306944444444 0.034375 0.105555555556
0 0.34375 0.304166666667 0.02734375 0.0944444444444
1 0.3828125 0.327777777778 0.03125 0.113888888889
0 0.36796875 0.391666666667 0.0359375 0.0736111111111
