1 0.44296875 0.381944444444 0.03046875 0.120833333333
0 0.578125 0.343055555556 0.03046875 0.1
1 0.57890625 0.3375 0.02734375 0.108333333333
1 0.225 0.4 0.02578125 0.120833333333
0 0.4015625 0.494444444444 0.03125 0.0986111111111
1 0.2328125 0.329166666667 0.021875 0.0888888888889
0 0.21171875 0.290277777778 0.0328125 0.0888888888889
0 0.81640625 0.302777777778 0.0328125 0.1
0 0.31875 0.298611111111 0.02734375 0.0944444444444
1 0.36015625 0.329166666667 0.03125 0.113888888889
0 0.32890625 0.383333333333 0.0359375 0.0736111111111
0 0.9234375 0.569444444444 0.05078125 0.169444444444
1 0.009375 0.304166666667 0.03828125 0.111111111111
0 0.96484375 0.376388888889 0.03515625 0.118055555556
