0 0.53359375 0.373611111111 0.0234375 0.0805555555556
1 0.64609375 0.368055555556 0.02734375 0.109722222222
0 0.80078125 0.35 0.03046875 0.1
1 0.52734375 0.347222222222 0.03671875 0.122222222222
1 0.80234375 0.344444444444 0.02734375 0.108333333333
1 0.41875 0.386111111111 0.02421875 0.115277777778
0 0.6609375 0.4875 0.034375 0.109722222222
1 0.50625 0.344444444444 0.021875 0.0888888888889
0 0.41171875 0.290277777778 0.034375 0.0930555555556
0 0.171875 0.352777777778 0.02890625 0.105555555556
1 0.1453125 0.329166666667 0.02734375 0.111111111111
1 0.0875 0.395833333333 0.03515625 0.119444444444
1 0.0265625 0.513888888889 0.040625 0.119444444444
0 0.53359375 0.375 0.02421875 0.0722222222222
1 0.51640625 0.304166666667 0.0359375 0.104166666667
1 0.334375 0.288888888889 0.03203125 0.104166666667
0 0.9359375 0.308333333333 0.034375 0.105555555556
