1 0.4421875 0.584722222222 0.03359375 0.133333333333
0 0.49765625 0.622222222222 0.05078125 0.169444444444
1 0.2859375 0.530555555556 0.034375 0.143055555556
1 0.53125 0.461111111111 0.03515625 0.127777777778
0 0.23515625 0.3375 0.01796875 0.0861111111111
0 0.065625 0.244444444444 0.0265625 0.0861111111111
1 0.35546875 0.397222222222 0.04453125 0.127777777778
0 0.61328125 0.316666666667 0.0421875 0.1125
0 0.35390625 0.3875 0.03203125 0.130555555556
1 0.090625 0.355555555556 0.0328125 0.1
0 0.84453125 0.4375 0.0328125 0.141666666667
0 0.00546875 0.376388888889 0.03515625 0.122222222222
0 0.45390625 0.573611111111 0.0390625 0.130555555556
