1 0.81484375 0.484722222222 0.034375 0.143055555556
0 0.603125 0.358333333333 0.04296875 0.123611111111
1 0.6 0.373611111111 0.03984375 0.101388888889
1 0.78984375 0.383333333333 0.05234375 0.158333333333
0 0.790625 0.366666666667 0.04453125 0.129166666667
1 0.65546875 0.391666666667 0.04921875 0.106944444444
1 0.47421875 0.465277777778 0.0421875 0.136111111111
0 0.49140625 0.654166666667 0.05703125 0.1875
1 0.7578125 0.344444444444 0.0375 0.123611111111
0 0.93515625 0.319444444444 0.04296875 0.125
