1 0.46796875 0.581944444444 0.03359375 0.133333333333
0 0.51875 0.633333333333 0.0484375 0.161111111111
1 0.30234375 0.533333333333 0.03125 0.129166666667
1 0.54609375 0.455555555556 0.03515625 0.127777777778
1 0.0 0.452777777778 0.03203125 0.104166666667
1 0.0140625 0.318055555556 0.0234375 0.0888888888889
0 0.25078125 0.344444444444 0.01796875 0.0861111111111
0 0.09609375 0.240277777778 0.0265625 0.0861111111111
1 0.3734375 0.398611111111 0.04453125 0.127777777778
0 0.646875 0.308333333333 0.04453125 0.118055555556
0 0.38125 0.384722222222 0.03046875 0.123611111111
1 0.10703125 0.354166666667 0.034375 0.105555555556
0 0.88046875 0.441666666667 0.0328125 0.141666666667
0 0.04140625 0.368055555556 0.03515625 0.122222222222
0 0.48984375 0.565277777778 0.0390625 0.130555555556
