0 0.2734375 0.408333333333 0.02578125 0.0875
1 0.41875 0.368055555556 0.025 0.0819444444444
1 0.61796875 0.458333333333 0.02578125 0.104166666667
0 0.4859375 0.340277777778 0.028125 0.106944444444
0 0.709375 0.4 0.03046875 0.1
1 0.64765625 0.344444444444 0.0234375 0.0791666666667
0 0.8140625 0.336111111111 0.0265625 0.0875
1 0.80625 0.394444444444 0.0234375 0.0930555555556
1 0.19921875 0.473611111111 0.0234375 0.109722222222
0 0.46484375 0.597222222222 0.0328125 0.104166666667
1 0.19765625 0.415277777778 0.02265625 0.0930555555556
0 0.03671875 0.890277777778 0.05234375 0.108333333333
0 0.03125 0.320833333333 0.028125 0.0763888888889
