0 0.53515625 0.368055555556 0.02421875 0.0833333333333
1 0.64921875 0.369444444444 0.02734375 0.109722222222
0 0.80546875 0.35 0.03046875 0.1
1 0.53671875 0.345833333333 0.03515625 0.116666666667
1 0.8078125 0.344444444444 0.02734375 0.108333333333
1 0.42265625 0.383333333333 0.02421875 0.115277777778
0 0.665625 0.486111111111 0.034375 0.109722222222
1 0.51015625 0.345833333333 0.021875 0.0888888888889
0 0.41484375 0.290277777778 0.034375 0.0930555555556
0 0.175 0.35 0.02890625 0.105555555556
1 0.14921875 0.330555555556 0.02734375 0.111111111111
1 0.09140625 0.394444444444 0.03515625 0.119444444444
1 0.03125 0.516666666667 0.040625 0.119444444444
0 0.534375 0.370833333333 0.02578125 0.0763888888889
1 0.51953125 0.304166666667 0.0359375 0.104166666667
1 0.33828125 0.2875 0.03203125 0.104166666667
0 0.9390625 0.305555555556 0.034375 0.105555555556
