1 0.609375 0.619444444444 0.03046875 0.120833333333
0 0.77578125 0.554166666667 0.028125 0.0902777777778
0 0.70703125 0.626388888889 0.053125 0.177777777778
1 0.39921875 0.504166666667 0.03125 0.129166666667
1 0.70234375 0.408333333333 0.03203125 0.115277777778
1 0.209375 0.390277777778 0.02890625 0.0944444444444
1 0.18359375 0.293055555556 0.0234375 0.0888888888889
0 0.390625 0.3 0.021875 0.104166666667
0 0.33046875 0.208333333333 0.025 0.0819444444444
1 0.51796875 0.341666666667 0.03359375 0.0958333333333
1 0.08359375 0.381944444444 0.04140625 0.1
0 0.8796875 0.283333333333 0.046875 0.123611111111
0 0.63046875 0.35 0.02734375 0.1125
0 0.00546875 0.425 0.0375 0.113888888889
0 0.30546875 0.329166666667 0.02421875 0.0902777777778
1 0.30078125 0.306944444444 0.034375 0.105555555556
0 0.090625 0.748611111111 0.06015625 0.2
