1 0.60078125 0.6125 0.03203125 0.127777777778
0 0.7375 0.5625 0.02734375 0.0861111111111
0 0.67734375 0.619444444444 0.0484375 0.161111111111
1 0.3984375 0.525 0.028125 0.118055555556
1 0.671875 0.430555555556 0.02890625 0.104166666667
1 0.16875 0.402777777778 0.02890625 0.0944444444444
1 0.15859375 0.308333333333 0.0234375 0.0888888888889
0 0.3671875 0.3125 0.01953125 0.0944444444444
0 0.290625 0.2125 0.025 0.0819444444444
1 0.496875 0.356944444444 0.03359375 0.0958333333333
1 0.0546875 0.397222222222 0.04375 0.105555555556
0 0.84453125 0.293055555556 0.046875 0.123611111111
0 0.5828125 0.361111111111 0.02734375 0.1125
0 0.26171875 0.329166666667 0.02734375 0.0986111111111
1 0.259375 0.315277777778 0.0359375 0.109722222222
0 0.07890625 0.7625 0.06015625 0.2
