0 0.084375 0.458333333333 0.0296875 0.102777777778
1 0.11875 0.420833333333 0.02890625 0.0944444444444
1 0.41796875 0.523611111111 0.02890625 0.115277777778
0 0.3671875 0.391666666667 0.02578125 0.0972222222222
0 0.5140625 0.448611111111 0.02890625 0.0958333333333
1 0.503125 0.363888888889 0.02578125 0.0875
0 0.55078125 0.352777777778 0.0234375 0.0791666666667
1 0.60390625 0.431944444444 0.0234375 0.0930555555556
0 0.93359375 0.695833333333 0.04296875 0.145833333333
0 0.9640625 0.413888888889 0.0359375 0.104166666667
1 0.003125 0.522222222222 0.02578125 0.120833333333
0 0.03125 0.627777777778 0.0328125 0.104166666667
