1 0.77265625 0.552777777778 0.03046875 0.120833333333
1 0.4578125 0.484722222222 0.034375 0.143055555556
1 0.94921875 0.426388888889 0.03359375 0.120833333333
0 0.67109375 0.311111111111 0.0203125 0.1
0 0.25078125 0.276388888889 0.03046875 0.1
1 0.7171875 0.315277777778 0.03359375 0.0958333333333
0 0.78125 0.347222222222 0.02265625 0.0597222222222
0 0.77109375 0.397222222222 0.03671875 0.15
1 0.58515625 0.316666666667 0.034375 0.105555555556
0 0.60234375 0.565277777778 0.02578125 0.108333333333
1 0.3296875 0.381944444444 0.028125 0.113888888889
1 0.2109375 0.301388888889 0.03359375 0.0944444444444
0 0.26484375 0.336111111111 0.03515625 0.109722222222
1 0.16875 0.352777777778 0.03046875 0.106944444444
0 0.040625 0.372222222222 0.0453125 0.129166666667
1 0.025 0.406944444444 0.04609375 0.118055555556
