1 0.37109375 0.419444444444 0.02890625 0.115277777778
0 0.52734375 0.258333333333 0.0578125 0.188888888889
0 0.40859375 0.480555555556 0.0328125 0.104166666667
0 0.60703125 0.219444444444 0.03125 0.0958333333333
0 0.171875 0.208333333333 0.046875 0.161111111111
1 0.3265625 0.220833333333 0.03984375 0.145833333333
0 0.1828125 0.261111111111 0.034375 0.0694444444444
0 0.70703125 0.575 0.053125 0.177777777778
0 0.91171875 0.322222222222 0.03515625 0.118055555556
1 0.1453125 0.376388888889 0.034375 0.143055555556
1 0.16875 0.227777777778 0.03046875 0.119444444444
0 0.14296875 0.191666666667 0.03203125 0.102777777778
1 0.51875 0.302777777778 0.0390625 0.140277777778
1 0.0671875 0.318055555556 0.03515625 0.113888888889
