0 0.3234375 0.398611111111 0.0265625 0.0930555555556
1 0.4859375 0.354166666667 0.0265625 0.0861111111111
1 0.6546875 0.441666666667 0.02734375 0.109722222222
0 0.51015625 0.341666666667 0.028125 0.106944444444
0 0.7453125 0.398611111111 0.03046875 0.1
1 0.67578125 0.344444444444 0.02578125 0.0875
0 0.88203125 0.338888888889 0.0265625 0.0875
1 0.8375 0.393055555556 0.02421875 0.0972222222222
1 0.2453125 0.459722222222 0.02421875 0.115277777778
0 0.53984375 0.580555555556 0.034375 0.109722222222
1 0.2609375 0.398611111111 0.025 0.102777777778
0 0.0765625 0.894444444444 0.05 0.102777777778
0 0.10625 0.313888888889 0.028125 0.0763888888889
1 0.078125 0.329166666667 0.025 0.0680555555556
0 0.03515625 0.386111111111 0.02734375 0.1
1 0.00546875 0.375 0.02578125 0.105555555556
