1 0.44609375 0.456944444444 0.0359375 0.15
0 0.3515625 0.391666666667 0.0578125 0.165277777778
1 0.6796875 0.355555555556 0.0453125 0.136111111111
0 0.6828125 0.35 0.03359375 0.0958333333333
1 0.46875 0.406944444444 0.046875 0.101388888889
1 0.225 0.470833333333 0.04453125 0.143055555556
0 0.24921875 0.540277777778 0.0515625 0.169444444444
1 0.59609375 0.311111111111 0.05 0.165277777778
0 0.71328125 0.297222222222 0.05234375 0.151388888889
0 0.39453125 0.484722222222 0.03984375 0.118055555556
1 0.925 0.388888888889 0.0546875 0.138888888889
0 0.39140625 0.408333333333 0.0359375 0.147222222222
1 0.94296875 0.493055555556 0.0421875 0.141666666667
