0 0.53046875 0.345833333333 0.02421875 0.0833333333333
1 0.69140625 0.383333333333 0.02578125 0.104166666667
0 0.87890625 0.358333333333 0.03046875 0.1
1 0.58359375 0.330555555556 0.02890625 0.0958333333333
1 0.88046875 0.347222222222 0.028125 0.1125
1 0.4359375 0.386111111111 0.0265625 0.127777777778
0 0.71796875 0.494444444444 0.0359375 0.115277777778
1 0.5171875 0.343055555556 0.01953125 0.0805555555556
0 0.0625 0.841666666667 0.05234375 0.108333333333
0 0.44296875 0.290277777778 0.034375 0.0930555555556
0 0.2234375 0.345833333333 0.02890625 0.105555555556
1 0.18984375 0.327777777778 0.02734375 0.111111111111
1 0.13203125 0.397222222222 0.03359375 0.113888888889
1 0.05234375 0.516666666667 0.04296875 0.125
0 0.5625 0.334722222222 0.0296875 0.0888888888889
1 0.54453125 0.323611111111 0.028125 0.0819444444444
1 0.3859375 0.283333333333 0.03203125 0.104166666667
