1 0.43828125 0.565277777778 0.03046875 0.120833333333
0 0.62265625 0.625 0.0484375 0.161111111111
1 0.28671875 0.520833333333 0.028125 0.118055555556
1 0.5953125 0.434722222222 0.03671875 0.133333333333
0 0.2875 0.304166666667 0.021875 0.104166666667
0 0.04140625 0.276388888889 0.0265625 0.0861111111111
1 0.43984375 0.369444444444 0.03671875 0.105555555556
0 0.571875 0.323611111111 0.03828125 0.102777777778
0 0.3578125 0.436111111111 0.03359375 0.136111111111
1 0.17734375 0.358333333333 0.034375 0.105555555556
0 0.84765625 0.468055555556 0.03125 0.134722222222
0 0.3015625 0.594444444444 0.028125 0.119444444444
1 0.0921875 0.445833333333 0.03125 0.125
