1 0.30078125 0.394444444444 0.0265625 0.104166666667
0 0.44609375 0.280555555556 0.040625 0.134722222222
0 0.2375 0.494444444444 0.034375 0.109722222222
0 0.5484375 0.243055555556 0.0296875 0.0902777777778
0 0.12265625 0.211111111111 0.040625 0.138888888889
1 0.25625 0.256944444444 0.034375 0.125
0 0.12734375 0.259722222222 0.034375 0.0694444444444
0 0.73984375 0.566666666667 0.05078125 0.169444444444
0 0.83046875 0.331944444444 0.0390625 0.130555555556
1 0.04921875 0.363888888889 0.0359375 0.15
1 0.09453125 0.265277777778 0.02734375 0.108333333333
0 0.0703125 0.2125 0.03515625 0.113888888889
1 0.44453125 0.279166666667 0.040625 0.148611111111
