0 0.50078125 0.390277777778 0.02421875 0.0833333333333
1 0.60234375 0.380555555556 0.02734375 0.109722222222
0 0.7390625 0.348611111111 0.03046875 0.1
1 0.4765625 0.319444444444 0.03828125 0.129166666667
1 0.73828125 0.338888888889 0.0296875 0.119444444444
1 0.37734375 0.3875 0.02421875 0.115277777778
0 0.60390625 0.4875 0.034375 0.109722222222
1 0.44453125 0.344444444444 0.02265625 0.0930555555556
0 0.36328125 0.293055555556 0.0328125 0.0888888888889
0 0.11328125 0.35 0.03046875 0.109722222222
1 0.09140625 0.334722222222 0.02734375 0.111111111111
1 0.03046875 0.397222222222 0.03515625 0.119444444444
0 0.496875 0.402777777778 0.01953125 0.0569444444444
1 0.4828125 0.3 0.0359375 0.104166666667
1 0.2671875 0.290277777778 0.03203125 0.104166666667
0 0.903125 0.309722222222 0.034375 0.105555555556
