1 0.40625 0.454166666667 0.0359375 0.15
0 0.3421875 0.393055555556 0.0578125 0.165277777778
1 0.69609375 0.356944444444 0.0453125 0.136111111111
0 0.70078125 0.355555555556 0.03359375 0.0958333333333
1 0.48515625 0.4125 0.046875 0.101388888889
1 0.22109375 0.469444444444 0.04453125 0.143055555556
0 0.2453125 0.540277777778 0.0515625 0.169444444444
1 0.61171875 0.3125 0.04765625 0.158333333333
0 0.76796875 0.305555555556 0.05 0.144444444444
0 0.36640625 0.476388888889 0.03984375 0.118055555556
1 0.946875 0.3875 0.05234375 0.131944444444
0 0.35546875 0.388888888889 0.04375 0.179166666667
1 0.9078125 0.491666666667 0.0421875 0.141666666667
