1 0.52421875 0.458333333333 0.0359375 0.15
0 0.39921875 0.361111111111 0.06328125 0.181944444444
1 0.61875 0.35 0.0453125 0.136111111111
0 0.61796875 0.343055555556 0.0421875 0.123611111111
1 0.4625 0.376388888889 0.04921875 0.106944444444
1 0.25 0.476388888889 0.04453125 0.143055555556
0 0.2578125 0.533333333333 0.0515625 0.169444444444
1 0.54375 0.301388888889 0.053125 0.173611111111
0 0.665625 0.302777777778 0.0453125 0.130555555556
0 0.53046875 0.506944444444 0.04375 0.129166666667
1 0.89453125 0.401388888889 0.0546875 0.138888888889
0 0.4234375 0.372222222222 0.03125 0.126388888889
