1 0.64921875 0.465277777778 0.034375 0.143055555556
0 0.53125 0.35 0.05234375 0.15
1 0.5421875 0.395833333333 0.0359375 0.0916666666667
1 0.6609375 0.363888888889 0.05234375 0.158333333333
0 0.66953125 0.348611111111 0.040625 0.116666666667
1 0.53984375 0.4 0.0421875 0.0930555555556
1 0.39453125 0.461111111111 0.04453125 0.143055555556
0 0.38671875 0.594444444444 0.0515625 0.169444444444
1 0.59375 0.372222222222 0.04765625 0.158333333333
0 0.7859375 0.311111111111 0.0453125 0.130555555556
0 0.8203125 0.530555555556 0.053125 0.158333333333
