1 0.33828125 0.406944444444 0.02890625 0.115277777778
0 0.496875 0.268055555556 0.05234375 0.172222222222
0 0.3421875 0.486111111111 0.034375 0.109722222222
0 0.5765625 0.222222222222 0.03125 0.0958333333333
0 0.140625 0.2 0.05390625 0.1875
1 0.29453125 0.218055555556 0.04375 0.159722222222
0 0.15625 0.265277777778 0.0328125 0.0666666666667
0 0.71796875 0.590277777778 0.0484375 0.161111111111
0 0.88515625 0.323611111111 0.03359375 0.1125
1 0.1078125 0.373611111111 0.034375 0.143055555556
1 0.14140625 0.243055555556 0.03203125 0.125
0 0.11796875 0.193055555556 0.03359375 0.108333333333
1 0.4890625 0.298611111111 0.03671875 0.134722222222
1 0.0265625 0.318055555556 0.03515625 0.113888888889
