1 0.3140625 0.397222222222 0.02890625 0.115277777778
0 0.4671875 0.263888888889 0.05 0.163888888889
0 0.28203125 0.484722222222 0.03828125 0.120833333333
0 0.55859375 0.229166666667 0.03125 0.0958333333333
0 0.1265625 0.198611111111 0.04921875 0.169444444444
1 0.27109375 0.231944444444 0.0421875 0.152777777778
0 0.13671875 0.2625 0.0328125 0.0666666666667
0 0.73125 0.584722222222 0.04609375 0.154166666667
0 0.859375 0.327777777778 0.03515625 0.118055555556
1 0.07734375 0.370833333333 0.034375 0.143055555556
1 0.11953125 0.245833333333 0.03046875 0.119444444444
0 0.09140625 0.204166666667 0.03203125 0.102777777778
1 0.459375 0.290277777778 0.040625 0.148611111111
