0 0.42890625 0.380555555556 0.0234375 0.0805555555556
1 0.5375 0.383333333333 0.02734375 0.109722222222
0 0.6671875 0.351388888889 0.02890625 0.0958333333333
1 0.4171875 0.319444444444 0.040625 0.136111111111
1 0.6671875 0.338888888889 0.028125 0.1125
1 0.3140625 0.388888888889 0.02578125 0.120833333333
0 0.5203125 0.491666666667 0.0328125 0.104166666667
1 0.35078125 0.352777777778 0.01953125 0.0805555555556
0 0.29296875 0.294444444444 0.0328125 0.0888888888889
0 0.02578125 0.345833333333 0.03515625 0.127777777778
1 0.0125 0.341666666667 0.028125 0.116666666667
0 0.4359375 0.402777777778 0.01953125 0.0569444444444
1 0.42265625 0.309722222222 0.03125 0.0902777777778
1 0.16015625 0.283333333333 0.03359375 0.109722222222
0 0.8703125 0.308333333333 0.034375 0.105555555556
