0 0.21171875 0.416666666667 0.0265625 0.0930555555556
1 0.31484375 0.373611111111 0.02890625 0.0944444444444
1 0.56484375 0.466666666667 0.03203125 0.126388888889
0 0.44609375 0.348611111111 0.02734375 0.102777777778
0 0.6609375 0.401388888889 0.03046875 0.1
1 0.61015625 0.35 0.02265625 0.075
0 0.7296875 0.3375 0.0265625 0.0875
1 0.7609375 0.395833333333 0.0234375 0.0930555555556
1 0.1484375 0.479166666667 0.02421875 0.115277777778
0 0.353125 0.606944444444 0.03984375 0.126388888889
1 0.11640625 0.429166666667 0.0234375 0.0972222222222
