0 0.3578125 0.386111111111 0.0265625 0.0930555555556
1 0.51171875 0.336111111111 0.02734375 0.0902777777778
1 0.68125 0.433333333333 0.02578125 0.104166666667
0 0.521875 0.327777777778 0.03125 0.118055555556
0 0.77578125 0.405555555556 0.02890625 0.0958333333333
1 0.6953125 0.348611111111 0.02578125 0.0875
0 0.92890625 0.334722222222 0.02890625 0.0958333333333
1 0.86171875 0.388888888889 0.02421875 0.0972222222222
1 0.28125 0.45 0.02421875 0.115277777778
0 0.584375 0.569444444444 0.03828125 0.120833333333
1 0.3015625 0.395833333333 0.02265625 0.0930555555556
0 0.1015625 0.894444444444 0.05 0.102777777778
0 0.17578125 0.306944444444 0.0328125 0.0888888888889
1 0.15078125 0.323611111111 0.025 0.0680555555556
0 0.078125 0.376388888889 0.02734375 0.1
1 0.040625 0.373611111111 0.02421875 0.1
1 0.025 0.452777777778 0.03359375 0.113888888889
