0 0.0953125 0.444444444444 0.028125 0.0972222222222
1 0.1375 0.413888888889 0.0265625 0.0861111111111
1 0.45234375 0.515277777778 0.02734375 0.109722222222
0 0.37265625 0.377777777778 0.02421875 0.0930555555556
0 0.53984375 0.440277777778 0.03046875 0.1
1 0.51875 0.359722222222 0.02578125 0.0875
0 0.571875 0.355555555556 0.0234375 0.0791666666667
1 0.63828125 0.429166666667 0.02265625 0.0888888888889
1 0.0296875 0.5125 0.02421875 0.115277777778
0 0.11171875 0.626388888889 0.034375 0.109722222222
