1 0.47734375 0.583333333333 0.03359375 0.133333333333
0 0.525 0.625 0.0484375 0.161111111111
1 0.309375 0.541666666667 0.03125 0.129166666667
1 0.553125 0.452777777778 0.03515625 0.127777777778
1 -0.00078125 0.456944444444 0.03046875 0.0986111111111
1 0.0203125 0.318055555556 0.0234375 0.0888888888889
0 0.25703125 0.343055555556 0.01875 0.0902777777778
0 0.1078125 0.240277777778 0.0265625 0.0861111111111
1 0.38046875 0.395833333333 0.04453125 0.127777777778
0 0.66171875 0.320833333333 0.04453125 0.118055555556
0 0.390625 0.3875 0.03046875 0.123611111111
1 0.1140625 0.35 0.034375 0.105555555556
0 0.8953125 0.440277777778 0.0328125 0.141666666667
0 0.0546875 0.368055555556 0.03515625 0.122222222222
0 0.50625 0.563888888889 0.0390625 0.130555555556
