1 0.675 0.551388888889 0.03046875 0.120833333333
1 0.38125 0.483333333333 0.034375 0.143055555556
1 0.840625 0.427777777778 0.03203125 0.115277777778
0 0.578125 0.306944444444 0.02265625 0.109722222222
0 0.16484375 0.2875 0.028125 0.0902777777778
1 0.6296875 0.320833333333 0.03203125 0.0916666666667
0 0.671875 0.355555555556 0.02421875 0.0625
0 0.6578125 0.381944444444 0.040625 0.165277777778
1 0.48671875 0.330555555556 0.0296875 0.0916666666667
0 0.496875 0.569444444444 0.02578125 0.108333333333
1 0.2625 0.393055555556 0.02734375 0.108333333333
1 0.1265625 0.290277777778 0.03671875 0.104166666667
0 0.1640625 0.341666666667 0.03515625 0.109722222222
1 0.0890625 0.361111111111 0.03046875 0.106944444444
