1 0.571875 0.461111111111 0.034375 0.143055555556
0 0.43984375 0.365277777778 0.0546875 0.158333333333
1 0.50546875 0.375 0.03828125 0.0972222222222
1 0.6328125 0.355555555556 0.04296875 0.130555555556
0 0.6328125 0.344444444444 0.03828125 0.111111111111
1 0.4984375 0.369444444444 0.04921875 0.106944444444
1 0.309375 0.465277777778 0.0421875 0.136111111111
0 0.3015625 0.563888888889 0.0546875 0.179166666667
1 0.540625 0.326388888889 0.0640625 0.211111111111
0 0.7015625 0.308333333333 0.040625 0.119444444444
0 0.6390625 0.518055555556 0.0484375 0.143055555556
