1 0.56484375 0.597222222222 0.02890625 0.115277777778
0 0.771875 0.519444444444 0.028125 0.0902777777778
0 0.69765625 0.630555555556 0.04609375 0.152777777778
1 0.371875 0.469444444444 0.0296875 0.123611111111
1 0.71796875 0.370833333333 0.03046875 0.109722222222
1 0.25078125 0.365277777778 0.02890625 0.0944444444444
1 0.1984375 0.270833333333 0.025 0.0930555555556
0 0.40078125 0.268055555556 0.025 0.120833333333
0 0.3578125 0.194444444444 0.025 0.0819444444444
1 0.51875 0.309722222222 0.03359375 0.0958333333333
1 0.09296875 0.359722222222 0.04140625 0.1
0 0.88671875 0.259722222222 0.0421875 0.1125
0 0.675 0.318055555556 0.02890625 0.118055555556
0 0.03515625 0.393055555556 0.034375 0.102777777778
0 0.340625 0.304166666667 0.02578125 0.0944444444444
1 0.334375 0.277777777778 0.034375 0.105555555556
0 0.03046875 0.756944444444 0.05703125 0.190277777778
