1 0.37421875 0.419444444444 0.02890625 0.115277777778
0 0.53125 0.255555555556 0.0578125 0.188888888889
0 0.41484375 0.480555555556 0.0328125 0.104166666667
0 0.61015625 0.219444444444 0.03125 0.0958333333333
0 0.175 0.215277777778 0.04453125 0.154166666667
1 0.3296875 0.220833333333 0.03984375 0.145833333333
0 0.1859375 0.2625 0.034375 0.0694444444444
0 0.70703125 0.573611111111 0.053125 0.177777777778
0 0.91484375 0.323611111111 0.03515625 0.118055555556
1 0.1484375 0.379166666667 0.034375 0.143055555556
1 0.171875 0.238888888889 0.02890625 0.113888888889
0 0.165625 0.209722222222 0.03046875 0.0986111111111
1 0.52421875 0.304166666667 0.03671875 0.134722222222
1 0.071875 0.316666666667 0.03515625 0.113888888889
