1 0.590625 0.616666666667 0.02890625 0.115277777778
0 0.778125 0.533333333333 0.0296875 0.0944444444444
0 0.7046875 0.6375 0.04609375 0.152777777778
1 0.3875 0.494444444444 0.028125 0.118055555556
1 0.7140625 0.393055555556 0.03046875 0.109722222222
1 0.2359375 0.375 0.02890625 0.0944444444444
1 0.1921875 0.2875 0.0234375 0.0888888888889
0 0.3984375 0.283333333333 0.02265625 0.109722222222
0 0.34921875 0.201388888889 0.025 0.0819444444444
1 0.52109375 0.326388888889 0.03359375 0.0958333333333
1 0.0890625 0.369444444444 0.04375 0.105555555556
0 0.89296875 0.280555555556 0.04453125 0.118055555556
0 0.659375 0.338888888889 0.02734375 0.1125
0 0.02578125 0.409722222222 0.03203125 0.0986111111111
0 0.32734375 0.3125 0.02578125 0.0944444444444
1 0.3234375 0.295833333333 0.0328125 0.1
0 0.075 0.758333333333 0.0546875 0.180555555556
