0 0.4828125 0.388888888889 0.02421875 0.0833333333333
1 0.5859375 0.372222222222 0.02890625 0.115277777778
0 0.7203125 0.347222222222 0.02890625 0.0958333333333
1 0.465625 0.319444444444 0.03828125 0.129166666667
1 0.71953125 0.3375 0.0296875 0.119444444444
1 0.3625 0.388888888889 0.02421875 0.115277777778
0 0.584375 0.4875 0.034375 0.109722222222
1 0.41953125 0.338888888889 0.0234375 0.0972222222222
0 0.346875 0.291666666667 0.0328125 0.0888888888889
0 0.09296875 0.35 0.03046875 0.109722222222
1 0.07109375 0.330555555556 0.028125 0.116666666667
1 0.01015625 0.4 0.03515625 0.119444444444
0 0.48984375 0.406944444444 0.01953125 0.0569444444444
1 0.46875 0.308333333333 0.0328125 0.0944444444444
1 0.24140625 0.288888888889 0.03203125 0.104166666667
0 0.89375 0.3125 0.034375 0.105555555556
