0 0.55390625 0.348611111111 0.02578125 0.0875
1 0.67578125 0.372222222222 0.02734375 0.109722222222
0 0.8515625 0.354166666667 0.03046875 0.1
1 0.56328125 0.333333333333 0.03359375 0.111111111111
1 0.8515625 0.338888888889 0.0296875 0.119444444444
1 0.446875 0.380555555556 0.02578125 0.120833333333
0 0.70234375 0.490277777778 0.0359375 0.115277777778
1 0.540625 0.35 0.01953125 0.0805555555556
0 0.028125 0.8375 0.05 0.102777777778
0 0.440625 0.2875 0.0359375 0.0972222222222
0 0.2109375 0.336111111111 0.03046875 0.109722222222
1 0.18359375 0.330555555556 0.02578125 0.105555555556
1 0.125 0.397222222222 0.03359375 0.113888888889
1 0.05859375 0.538888888889 0.0390625 0.113888888889
0 0.55234375 0.347222222222 0.028125 0.0847222222222
1 0.55234375 0.319444444444 0.0296875 0.0861111111111
1 0.37421875 0.281944444444 0.03359375 0.109722222222
