1 0.40859375 0.565277777778 0.03203125 0.127777777778
0 0.55078125 0.622222222222 0.04609375 0.152777777778
1 0.2609375 0.5125 0.0328125 0.136111111111
1 0.5609375 0.443055555556 0.03515625 0.127777777778
0 0.24765625 0.302777777778 0.021875 0.104166666667
0 0.01015625 0.268055555556 0.025 0.0819444444444
1 0.3859375 0.379166666667 0.03515625 0.1
0 0.54375 0.319444444444 0.0421875 0.1125
0 0.3171875 0.431944444444 0.03046875 0.123611111111
1 0.121875 0.363888888889 0.0328125 0.1
0 0.79453125 0.454166666667 0.03125 0.134722222222
0 0.28359375 0.584722222222 0.028125 0.119444444444
1 0.03671875 0.455555555556 0.034375 0.138888888889
