1 0.60625 0.555555555556 0.02734375 0.109722222222
0 0.9421875 0.616666666667 0.053125 0.177777777778
1 0.34140625 0.497222222222 0.0328125 0.136111111111
1 0.765625 0.429166666667 0.03203125 0.115277777778
0 0.50234375 0.305555555556 0.02265625 0.109722222222
0 0.1125 0.290277777778 0.028125 0.0902777777778
1 0.58046875 0.327777777778 0.03359375 0.0958333333333
0 0.6359375 0.333333333333 0.0265625 0.0680555555556
0 0.5734375 0.4125 0.03671875 0.15
1 0.40703125 0.341666666667 0.0296875 0.0916666666667
0 0.4203125 0.581944444444 0.02734375 0.113888888889
1 0.228125 0.411111111111 0.02734375 0.108333333333
1 0.08203125 0.305555555556 0.03203125 0.0902777777778
0 0.103125 0.376388888889 0.03359375 0.104166666667
1 0.04375 0.372222222222 0.03203125 0.1125
