1 0.31484375 0.383333333333 0.03046875 0.120833333333
0 0.43203125 0.3 0.03671875 0.122222222222
0 0.23359375 0.491666666667 0.034375 0.109722222222
0 0.6015625 0.272222222222 0.0296875 0.0902777777778
0 0.1859375 0.254166666667 0.03046875 0.104166666667
1 0.25859375 0.291666666667 0.034375 0.125
0 0.1609375 0.311111111111 0.03125 0.0638888888889
0 0.78125 0.570833333333 0.053125 0.177777777778
0 0.84765625 0.352777777778 0.0390625 0.130555555556
1 0.0421875 0.361111111111 0.03984375 0.165277777778
1 0.06640625 0.294444444444 0.02734375 0.108333333333
0 0.08046875 0.245833333333 0.03359375 0.108333333333
1 0.42734375 0.284722222222 0.040625 0.148611111111
