1 0.57734375 0.563888888889 0.02890625 0.115277777778
0 0.90078125 0.626388888889 0.05078125 0.169444444444
1 0.33515625 0.506944444444 0.0328125 0.136111111111
1 0.73671875 0.434722222222 0.03203125 0.115277777778
0 0.46796875 0.302777777778 0.02265625 0.109722222222
0 0.0984375 0.290277777778 0.028125 0.0902777777778
1 0.56640625 0.331944444444 0.03359375 0.0958333333333
0 0.62578125 0.3375 0.02890625 0.075
0 0.5390625 0.409722222222 0.03671875 0.15
1 0.378125 0.338888888889 0.028125 0.0875
0 0.39765625 0.581944444444 0.02734375 0.113888888889
1 0.20625 0.408333333333 0.0296875 0.119444444444
1 0.0671875 0.306944444444 0.03203125 0.0902777777778
0 0.08359375 0.3875 0.03359375 0.104166666667
1 0.02578125 0.380555555556 0.03203125 0.1125
