1 0.49296875 0.480555555556 0.02890625 0.115277777778
0 0.66796875 0.456944444444 0.02421875 0.0777777777778
0 0.66328125 0.615277777778 0.0484375 0.161111111111
1 0.284375 0.405555555556 0.0296875 0.123611111111
1 0.6546875 0.315277777778 0.02890625 0.104166666667
1 0.2234375 0.322222222222 0.02734375 0.0888888888889
1 0.14296875 0.227777777778 0.0265625 0.0972222222222
0 0.334375 0.227777777778 0.028125 0.133333333333
0 0.29609375 0.275 0.0296875 0.0791666666667
0 0.296875 0.172222222222 0.025 0.0819444444444
1 0.28828125 0.234722222222 0.028125 0.0902777777778
1 0.453125 0.2625 0.03359375 0.0958333333333
1 0.0515625 0.3125 0.0390625 0.0958333333333
0 0.7828125 0.225 0.03671875 0.0972222222222
0 0.6484375 0.275 0.02890625 0.118055555556
