1 0.57734375 0.598611111111 0.02890625 0.115277777778
0 0.77578125 0.525 0.0296875 0.0944444444444
0 0.6984375 0.638888888889 0.0484375 0.161111111111
1 0.3796875 0.477777777778 0.028125 0.118055555556
1 0.7171875 0.379166666667 0.03046875 0.109722222222
1 0.2453125 0.370833333333 0.02890625 0.0944444444444
1 0.19453125 0.279166666667 0.025 0.0930555555556
0 0.39921875 0.279166666667 0.02421875 0.115277777778
0 0.35546875 0.197222222222 0.0265625 0.0861111111111
1 0.521875 0.319444444444 0.03203125 0.0902777777778
1 0.0921875 0.358333333333 0.04375 0.105555555556
0 0.890625 0.268055555556 0.04453125 0.118055555556
0 0.6703125 0.330555555556 0.02734375 0.1125
0 0.03359375 0.394444444444 0.03203125 0.0986111111111
0 0.3375 0.304166666667 0.02578125 0.0944444444444
1 0.33125 0.2875 0.0328125 0.1
0 0.05625 0.769444444444 0.0546875 0.180555555556
