1 0.8078125 0.491666666667 0.034375 0.143055555556
0 0.7265625 0.304166666667 0.03203125 0.104166666667
0 0.33671875 0.356944444444 0.04296875 0.123611111111
1 0.3234375 0.379166666667 0.0421875 0.106944444444
1 0.71953125 0.395833333333 0.05 0.151388888889
0 0.70703125 0.338888888889 0.04453125 0.129166666667
1 0.62890625 0.301388888889 0.053125 0.129166666667
1 0.53203125 0.358333333333 0.04921875 0.106944444444
1 0.2734375 0.522222222222 0.0421875 0.136111111111
0 0.28828125 0.777777777778 0.06328125 0.206944444444
