1 0.5671875 0.558333333333 0.03046875 0.120833333333
0 0.88515625 0.623611111111 0.05078125 0.169444444444
1 0.33046875 0.501388888889 0.034375 0.143055555556
1 0.72734375 0.433333333333 0.03203125 0.115277777778
0 0.45546875 0.298611111111 0.02265625 0.109722222222
0 0.09296875 0.290277777778 0.0265625 0.0861111111111
1 0.55625 0.336111111111 0.03359375 0.0958333333333
0 0.62421875 0.334722222222 0.02890625 0.075
0 0.528125 0.409722222222 0.03671875 0.15
1 0.36640625 0.338888888889 0.0296875 0.0916666666667
0 0.3890625 0.581944444444 0.028125 0.119444444444
1 0.2 0.409722222222 0.0296875 0.119444444444
1 0.065625 0.304166666667 0.03203125 0.0902777777778
0 0.078125 0.384722222222 0.03359375 0.104166666667
1 0.0203125 0.384722222222 0.03203125 0.1125
