1 0.41796875 0.576388888889 0.03203125 0.127777777778
0 0.4828125 0.629166666667 0.0484375 0.161111111111
1 0.26796875 0.527777777778 0.034375 0.143055555556
1 0.52578125 0.455555555556 0.03203125 0.115277777778
0 0.225 0.331944444444 0.01796875 0.0861111111111
0 0.034375 0.248611111111 0.025 0.0819444444444
1 0.346875 0.369444444444 0.040625 0.115277777778
0 0.57421875 0.316666666667 0.0421875 0.1125
0 0.321875 0.420833333333 0.03046875 0.123611111111
1 0.0828125 0.355555555556 0.03125 0.0958333333333
0 0.81015625 0.45 0.0296875 0.129166666667
0 0.38359375 0.576388888889 0.0296875 0.125
