1 0.39921875 0.445833333333 0.02734375 0.109722222222
0 0.5546875 0.268055555556 0.0578125 0.188888888889
0 0.48671875 0.491666666667 0.0296875 0.0944444444444
0 0.63828125 0.201388888889 0.03125 0.0958333333333
0 0.2078125 0.172222222222 0.046875 0.161111111111
1 0.3609375 0.194444444444 0.0421875 0.152777777778
0 0.20625 0.266666666667 0.0359375 0.0736111111111
0 0.68984375 0.570833333333 0.053125 0.177777777778
0 0.9328125 0.333333333333 0.03515625 0.118055555556
1 0.1734375 0.4 0.034375 0.143055555556
1 0.184375 0.238888888889 0.02734375 0.108333333333
0 0.178125 0.198611111111 0.03359375 0.108333333333
1 0.5484375 0.318055555556 0.03515625 0.127777777778
1 0.1046875 0.334722222222 0.03359375 0.108333333333
