1 0.7453125 0.548611111111 0.03046875 0.120833333333
1 0.4359375 0.477777777778 0.034375 0.143055555556
1 0.91875 0.422222222222 0.03359375 0.120833333333
0 0.646875 0.3125 0.0203125 0.1
0 0.22734375 0.279166666667 0.03046875 0.1
1 0.6953125 0.319444444444 0.03046875 0.0875
0 0.75234375 0.345833333333 0.02265625 0.0597222222222
0 0.74296875 0.393055555556 0.03671875 0.15
1 0.56015625 0.316666666667 0.034375 0.105555555556
0 0.575 0.565277777778 0.02578125 0.108333333333
1 0.309375 0.381944444444 0.028125 0.113888888889
1 0.18515625 0.301388888889 0.03359375 0.0944444444444
0 0.2375 0.334722222222 0.03515625 0.109722222222
1 0.1453125 0.351388888889 0.03046875 0.106944444444
0 0.025 0.379166666667 0.0453125 0.129166666667
