1 0.384375 0.381944444444 0.03046875 0.120833333333
0 0.5046875 0.323611111111 0.03203125 0.105555555556
0 0.30703125 0.481944444444 0.034375 0.109722222222
0 0.73671875 0.277777777778 0.03125 0.0958333333333
0 0.2828125 0.276388888889 0.02578125 0.0902777777778
1 0.32734375 0.301388888889 0.0359375 0.131944444444
0 0.25625 0.355555555556 0.0375 0.0777777777778
0 0.86796875 0.568055555556 0.053125 0.177777777778
0 0.93671875 0.372222222222 0.0390625 0.130555555556
1 0.13671875 0.377777777778 0.0328125 0.136111111111
1 0.10078125 0.327777777778 0.03125 0.122222222222
1 0.140625 0.316666666667 0.02890625 0.113888888889
0 0.1625 0.266666666667 0.03515625 0.113888888889
1 0.4921875 0.3125 0.03671875 0.134722222222
