1 0.415625 0.454166666667 0.0359375 0.15
0 0.3421875 0.394444444444 0.0578125 0.165277777778
1 0.69296875 0.358333333333 0.0453125 0.136111111111
0 0.69765625 0.355555555556 0.03359375 0.0958333333333
1 0.4828125 0.405555555556 0.046875 0.101388888889
1 0.22109375 0.463888888889 0.04453125 0.143055555556
0 0.24609375 0.541666666667 0.0515625 0.169444444444
1 0.60546875 0.302777777778 0.053125 0.173611111111
0 0.7390625 0.302777777778 0.05 0.144444444444
0 0.36953125 0.475 0.03984375 0.118055555556
1 0.94765625 0.390277777778 0.05234375 0.131944444444
0 0.36015625 0.397222222222 0.04140625 0.169444444444
1 0.92109375 0.491666666667 0.0421875 0.141666666667
