1 0.43203125 0.4625 0.0359375 0.15
0 0.34609375 0.401388888889 0.0578125 0.165277777778
1 0.6875 0.358333333333 0.0453125 0.136111111111
0 0.690625 0.352777777778 0.03359375 0.0958333333333
1 0.4734375 0.406944444444 0.046875 0.101388888889
1 0.2234375 0.468055555556 0.04453125 0.143055555556
0 0.25078125 0.541666666667 0.0515625 0.169444444444
1 0.59765625 0.306944444444 0.053125 0.173611111111
0 0.725 0.297222222222 0.05234375 0.151388888889
0 0.38046875 0.470833333333 0.04375 0.129166666667
1 0.9328125 0.381944444444 0.0546875 0.138888888889
0 0.3796875 0.405555555556 0.0375 0.154166666667
1 0.93828125 0.494444444444 0.040625 0.134722222222
