1 0.89140625 0.472222222222 0.0359375 0.15
0 0.9390625 0.318055555556 0.02890625 0.0944444444444
0 0.54140625 0.330555555556 0.0453125 0.129166666667
1 0.50625 0.348611111111 0.04609375 0.118055555556
1 0.8375 0.369444444444 0.0546875 0.166666666667
0 0.83359375 0.355555555556 0.046875 0.136111111111
1 0.78515625 0.294444444444 0.05859375 0.141666666667
1 0.684375 0.369444444444 0.04921875 0.106944444444
1 0.44453125 0.473611111111 0.04375 0.141666666667
0 0.48125 0.698611111111 0.06015625 0.197222222222
