1 0.41015625 0.566666666667 0.03203125 0.127777777778
0 0.5546875 0.626388888889 0.04609375 0.152777777778
1 0.26171875 0.5125 0.0328125 0.136111111111
1 0.56328125 0.440277777778 0.03671875 0.133333333333
0 0.25078125 0.306944444444 0.02109375 0.0986111111111
0 0.01171875 0.269444444444 0.025 0.0819444444444
1 0.3890625 0.376388888889 0.03515625 0.1
0 0.5453125 0.322222222222 0.0421875 0.1125
0 0.31875 0.436111111111 0.03046875 0.123611111111
1 0.12421875 0.3625 0.0328125 0.1
0 0.7984375 0.459722222222 0.03125 0.134722222222
0 0.28359375 0.581944444444 0.028125 0.119444444444
1 0.04140625 0.456944444444 0.034375 0.138888888889
