1 0.3828125 0.383333333333 0.02890625 0.115277777778
0 0.5015625 0.313888888889 0.03359375 0.111111111111
0 0.3015625 0.483333333333 0.034375 0.109722222222
0 0.72890625 0.279166666667 0.03125 0.0958333333333
0 0.278125 0.277777777778 0.02578125 0.0902777777778
1 0.3234375 0.3 0.0359375 0.131944444444
0 0.2515625 0.355555555556 0.0375 0.0777777777778
0 0.8640625 0.570833333333 0.053125 0.177777777778
0 0.93203125 0.369444444444 0.0390625 0.130555555556
1 0.13046875 0.376388888889 0.0328125 0.136111111111
1 0.09140625 0.333333333333 0.03125 0.122222222222
1 0.13671875 0.313888888889 0.02890625 0.113888888889
0 0.1578125 0.263888888889 0.03515625 0.113888888889
1 0.4890625 0.3125 0.03671875 0.134722222222
