1 0.55703125 0.591666666667 0.02890625 0.115277777778
0 0.765625 0.515277777778 0.02734375 0.0861111111111
0 0.69296875 0.6375 0.04609375 0.152777777778
1 0.3640625 0.469444444444 0.0296875 0.123611111111
1 0.7171875 0.369444444444 0.02890625 0.104166666667
1 0.25390625 0.356944444444 0.03046875 0.0986111111111
1 0.19765625 0.266666666667 0.025 0.0930555555556
0 0.3984375 0.263888888889 0.0265625 0.126388888889
0 0.35703125 0.191666666667 0.025 0.0819444444444
1 0.5171875 0.308333333333 0.03359375 0.0958333333333
1 0.09375 0.351388888889 0.04140625 0.1
0 0.88203125 0.254166666667 0.0421875 0.1125
0 0.67734375 0.309722222222 0.03046875 0.123611111111
0 0.034375 0.3875 0.0359375 0.108333333333
0 0.34375 0.301388888889 0.02578125 0.0944444444444
1 0.33515625 0.272222222222 0.034375 0.105555555556
0 0.01328125 0.751388888889 0.05703125 0.190277777778
