1 0.5921875 0.606944444444 0.03203125 0.127777777778
0 0.7171875 0.569444444444 0.02734375 0.0861111111111
0 0.6625 0.613888888889 0.0484375 0.161111111111
1 0.38984375 0.529166666667 0.028125 0.118055555556
1 0.65625 0.447222222222 0.02890625 0.104166666667
1 0.146875 0.413888888889 0.02890625 0.0944444444444
1 0.14296875 0.305555555556 0.025 0.0930555555556
0 0.3546875 0.323611111111 0.01796875 0.0861111111111
0 0.27109375 0.213888888889 0.0265625 0.0861111111111
1 0.484375 0.358333333333 0.03359375 0.0958333333333
1 0.040625 0.404166666667 0.04375 0.105555555556
0 0.825 0.295833333333 0.046875 0.123611111111
0 0.56015625 0.366666666667 0.02734375 0.1125
0 0.2390625 0.333333333333 0.0296875 0.109722222222
1 0.2390625 0.322222222222 0.0359375 0.109722222222
0 0.0625 0.768055555556 0.06015625 0.2
