1 0.56796875 0.4625 0.034375 0.143055555556
0 0.43671875 0.3625 0.0546875 0.158333333333
1 0.50234375 0.376388888889 0.03828125 0.0972222222222
1 0.63203125 0.359722222222 0.040625 0.123611111111
0 0.6296875 0.343055555556 0.040625 0.116666666667
1 0.49609375 0.369444444444 0.04921875 0.106944444444
1 0.303125 0.465277777778 0.04453125 0.143055555556
0 0.2984375 0.5625 0.0546875 0.179166666667
1 0.5390625 0.301388888889 0.0609375 0.201388888889
0 0.69921875 0.308333333333 0.040625 0.119444444444
0 0.63203125 0.518055555556 0.0484375 0.143055555556
