1 0.3890625 0.443055555556 0.0359375 0.15
0 0.34609375 0.406944444444 0.0578125 0.165277777778
1 0.69609375 0.354166666667 0.04765625 0.143055555556
1 0.4765625 0.409722222222 0.046875 0.101388888889
1 0.23046875 0.463888888889 0.0421875 0.136111111111
0 0.2359375 0.538888888889 0.0515625 0.169444444444
1 0.61484375 0.311111111111 0.04765625 0.158333333333
0 0.3640625 0.4625 0.0421875 0.123611111111
1 0.946875 0.394444444444 0.05234375 0.131944444444
0 0.35625 0.398611111111 0.04609375 0.1875
1 0.88125 0.466666666667 0.04453125 0.148611111111
0 0.78359375 0.365277777778 0.040625 0.120833333333
0 0.68203125 0.322222222222 0.04453125 0.113888888889
