1 0.596875 0.559722222222 0.02734375 0.109722222222
0 0.92890625 0.618055555556 0.053125 0.177777777778
1 0.33984375 0.497222222222 0.0328125 0.136111111111
1 0.75546875 0.430555555556 0.03203125 0.115277777778
0 0.49140625 0.306944444444 0.0234375 0.115277777778
0 0.1078125 0.291666666667 0.028125 0.0902777777778
1 0.57734375 0.330555555556 0.03359375 0.0958333333333
0 0.63125 0.3375 0.0265625 0.0680555555556
0 0.5625 0.416666666667 0.03515625 0.143055555556
1 0.39765625 0.338888888889 0.0296875 0.0916666666667
0 0.4125 0.576388888889 0.028125 0.119444444444
1 0.21953125 0.406944444444 0.028125 0.113888888889
1 0.075 0.305555555556 0.03203125 0.0902777777778
0 0.096875 0.388888888889 0.03359375 0.104166666667
1 0.03828125 0.377777777778 0.03203125 0.1125
