1 0.603125 0.615277777778 0.03203125 0.127777777778
0 0.74453125 0.561111111111 0.02734375 0.0861111111111
0 0.68203125 0.622222222222 0.0484375 0.161111111111
1 0.4015625 0.515277777778 0.028125 0.118055555556
1 0.678125 0.422222222222 0.03046875 0.109722222222
1 0.175 0.4 0.02890625 0.0944444444444
1 0.1625 0.305555555556 0.0234375 0.0888888888889
0 0.371875 0.309722222222 0.01875 0.0902777777778
0 0.29765625 0.2125 0.025 0.0819444444444
1 0.50078125 0.355555555556 0.03359375 0.0958333333333
1 0.06015625 0.390277777778 0.04375 0.105555555556
0 0.8515625 0.294444444444 0.046875 0.123611111111
0 0.590625 0.359722222222 0.02734375 0.1125
0 0.2671875 0.327777777778 0.02734375 0.0986111111111
1 0.265625 0.311111111111 0.0359375 0.109722222222
0 0.0828125 0.763888888889 0.06015625 0.2
