1 0.55 0.581944444444 0.02890625 0.115277777778
0 0.75859375 0.504166666667 0.02734375 0.0861111111111
0 0.6875 0.645833333333 0.04609375 0.152777777778
1 0.35625 0.465277777778 0.0296875 0.123611111111
1 0.7140625 0.356944444444 0.02890625 0.104166666667
1 0.2546875 0.351388888889 0.03046875 0.0986111111111
1 0.1953125 0.263888888889 0.025 0.0930555555556
0 0.39453125 0.2625 0.0265625 0.126388888889
0 0.3546875 0.1875 0.025 0.0819444444444
1 0.5140625 0.304166666667 0.03203125 0.0902777777778
1 0.09453125 0.345833333333 0.04140625 0.1
0 0.878125 0.255555555556 0.03828125 0.102777777778
0 0.67734375 0.306944444444 0.03046875 0.123611111111
0 0.03515625 0.380555555556 0.0359375 0.108333333333
0 0.34609375 0.297222222222 0.02421875 0.0902777777778
1 0.3359375 0.266666666667 0.0328125 0.1
