0 0.47265625 0.366666666667 0.0265625 0.0930555555556
1 0.6875 0.398611111111 0.02578125 0.104166666667
0 0.8640625 0.380555555556 0.03203125 0.105555555556
1 0.590625 0.336111111111 0.02734375 0.0916666666667
1 0.8765625 0.363888888889 0.02734375 0.108333333333
1 0.3984375 0.402777777778 0.0265625 0.127777777778
0 0.69609375 0.513888888889 0.03828125 0.120833333333
1 0.44296875 0.366666666667 0.02265625 0.0930555555556
0 0.07265625 0.863888888889 0.05234375 0.108333333333
0 0.41015625 0.305555555556 0.034375 0.0930555555556
0 0.1953125 0.352777777778 0.02890625 0.105555555556
1 0.16171875 0.338888888889 0.02734375 0.111111111111
1 0.1015625 0.409722222222 0.03359375 0.113888888889
1 0.01875 0.525 0.040625 0.119444444444
0 0.5421875 0.336111111111 0.0328125 0.0972222222222
1 0.53046875 0.330555555556 0.0265625 0.0777777777778
1 0.3671875 0.3 0.02890625 0.0944444444444
