1 0.3640625 0.381944444444 0.02890625 0.115277777778
0 0.48671875 0.311111111111 0.03046875 0.1
0 0.28125 0.477777777778 0.034375 0.109722222222
0 0.70078125 0.276388888889 0.03125 0.0958333333333
0 0.26171875 0.275 0.02734375 0.0944444444444
1 0.309375 0.298611111111 0.0359375 0.131944444444
0 0.2296875 0.345833333333 0.0375 0.0777777777778
0 0.84609375 0.569444444444 0.053125 0.177777777778
0 0.91171875 0.359722222222 0.0390625 0.130555555556
1 0.10859375 0.373611111111 0.034375 0.143055555556
1 0.0640625 0.340277777778 0.028125 0.111111111111
1 0.11640625 0.308333333333 0.02890625 0.113888888889
0 0.1390625 0.258333333333 0.03515625 0.113888888889
1 0.4734375 0.306944444444 0.0390625 0.140277777778
