1 0.41171875 0.570833333333 0.03203125 0.127777777778
0 0.4828125 0.622222222222 0.0484375 0.161111111111
1 0.2625 0.519444444444 0.034375 0.143055555556
1 0.52734375 0.459722222222 0.03203125 0.115277777778
0 0.225 0.330555555556 0.0171875 0.0819444444444
0 0.02421875 0.247222222222 0.025 0.0819444444444
1 0.34609375 0.372222222222 0.03671875 0.105555555556
0 0.56015625 0.309722222222 0.04453125 0.118055555556
0 0.3125 0.419444444444 0.03046875 0.123611111111
1 0.08359375 0.365277777778 0.0296875 0.0902777777778
0 0.79765625 0.448611111111 0.0296875 0.129166666667
0 0.3609375 0.583333333333 0.0296875 0.125
