1 0.3359375 0.404166666667 0.02890625 0.115277777778
0 0.49296875 0.266666666667 0.05234375 0.172222222222
0 0.33515625 0.483333333333 0.0359375 0.115277777778
0 0.575 0.222222222222 0.03125 0.0958333333333
0 0.1375 0.198611111111 0.05390625 0.1875
1 0.29140625 0.216666666667 0.04375 0.159722222222
0 0.153125 0.259722222222 0.0328125 0.0666666666667
0 0.71796875 0.588888888889 0.0484375 0.161111111111
0 0.8828125 0.325 0.03203125 0.106944444444
1 0.1046875 0.373611111111 0.034375 0.143055555556
1 0.1375 0.240277777778 0.03203125 0.125
0 0.11484375 0.193055555556 0.03359375 0.108333333333
1 0.4859375 0.298611111111 0.03671875 0.134722222222
1 0.0234375 0.320833333333 0.03515625 0.113888888889
