0 0.44453125 0.370833333333 0.0265625 0.0930555555556
1 0.70078125 0.4 0.02734375 0.109722222222
0 0.85078125 0.384722222222 0.03046875 0.1
1 0.6453125 0.329166666667 0.03046875 0.101388888889
1 0.89296875 0.381944444444 0.02734375 0.108333333333
1 0.36484375 0.423611111111 0.02421875 0.115277777778
0 0.6796875 0.540277777778 0.0359375 0.115277777778
1 0.38203125 0.372222222222 0.02265625 0.0930555555556
0 0.1109375 0.881944444444 0.0546875 0.113888888889
0 0.3546875 0.308333333333 0.0328125 0.0888888888889
0 0.178125 0.351388888889 0.02734375 0.1
1 0.1421875 0.340277777778 0.02734375 0.111111111111
1 0.0671875 0.416666666667 0.03515625 0.119444444444
1 0.00390625 0.531944444444 0.040625 0.119444444444
0 0.53828125 0.329166666667 0.0328125 0.0972222222222
1 0.51953125 0.309722222222 0.0359375 0.104166666667
1 0.31328125 0.306944444444 0.02890625 0.0944444444444
