1 0.42734375 0.386111111111 0.03046875 0.120833333333
0 0.56015625 0.336111111111 0.03203125 0.105555555556
1 0.56171875 0.333333333333 0.02734375 0.108333333333
0 0.37734375 0.484722222222 0.034375 0.109722222222
0 0.8 0.297222222222 0.0328125 0.1
0 0.3125 0.294444444444 0.02734375 0.0944444444444
1 0.35546875 0.325 0.0328125 0.119444444444
0 0.309375 0.377777777778 0.0359375 0.0736111111111
0 0.9109375 0.577777777778 0.05078125 0.169444444444
0 0.9609375 0.373611111111 0.03515625 0.118055555556
1 0.209375 0.395833333333 0.03125 0.129166666667
1 0.18125 0.348611111111 0.0296875 0.116666666667
1 0.20703125 0.330555555556 0.02890625 0.113888888889
0 0.203125 0.288888888889 0.03515625 0.113888888889
