0 0.41171875 0.373611111111 0.0265625 0.0930555555556
1 0.54296875 0.330555555556 0.0265625 0.0861111111111
1 0.7140625 0.416666666667 0.02734375 0.109722222222
0 0.5421875 0.323611111111 0.02734375 0.102777777778
0 0.82890625 0.3875 0.03046875 0.1
1 0.71796875 0.344444444444 0.025 0.0833333333333
1 0.90234375 0.380555555556 0.02734375 0.108333333333
1 0.3359375 0.431944444444 0.02421875 0.115277777778
0 0.6484375 0.555555555556 0.03828125 0.120833333333
1 0.34921875 0.3875 0.0203125 0.0847222222222
0 0.13828125 0.886111111111 0.05 0.102777777778
0 0.27890625 0.302777777778 0.034375 0.0930555555556
1 0.28203125 0.326388888889 0.02734375 0.075
0 0.14765625 0.358333333333 0.02734375 0.1
1 0.1078125 0.356944444444 0.02421875 0.1
1 0.0609375 0.443055555556 0.03203125 0.108333333333
1 0.00703125 0.533333333333 0.040625 0.119444444444
