1 0.60859375 0.454166666667 0.0359375 0.15
0 0.47890625 0.347222222222 0.05234375 0.15
1 0.53203125 0.380555555556 0.03828125 0.0972222222222
1 0.6515625 0.355555555556 0.04765625 0.143055555556
0 0.6546875 0.358333333333 0.03671875 0.106944444444
1 0.5265625 0.373611111111 0.046875 0.101388888889
1 0.36015625 0.470833333333 0.0421875 0.136111111111
0 0.3421875 0.579166666667 0.0546875 0.179166666667
1 0.56484375 0.3625 0.05 0.165277777778
0 0.740625 0.305555555556 0.040625 0.119444444444
0 0.734375 0.522222222222 0.04609375 0.136111111111
