0 0.084375 0.454166666667 0.0296875 0.102777777778
1 0.11875 0.422222222222 0.02890625 0.0944444444444
1 0.41953125 0.526388888889 0.02890625 0.115277777778
0 0.365625 0.388888888889 0.02578125 0.0972222222222
0 0.51640625 0.447222222222 0.02890625 0.0958333333333
1 0.5046875 0.3625 0.02578125 0.0875
0 0.5515625 0.351388888889 0.0234375 0.0791666666667
1 0.60625 0.430555555556 0.0234375 0.0930555555556
0 0.93671875 0.694444444444 0.04296875 0.145833333333
0 0.96328125 0.411111111111 0.0359375 0.104166666667
1 0.0046875 0.519444444444 0.02578125 0.120833333333
0 0.03671875 0.626388888889 0.0328125 0.104166666667
