0 0.35 0.3875 0.02578125 0.0875
1 0.5078125 0.340277777778 0.02734375 0.0902777777778
1 0.67578125 0.433333333333 0.02578125 0.104166666667
0 0.51875 0.330555555556 0.0328125 0.123611111111
0 0.76796875 0.404166666667 0.03046875 0.1
1 0.68984375 0.345833333333 0.02578125 0.0875
0 0.91796875 0.336111111111 0.02890625 0.0958333333333
1 0.85625 0.386111111111 0.02421875 0.0972222222222
1 0.27265625 0.451388888889 0.02421875 0.115277777778
0 0.5734375 0.573611111111 0.03828125 0.120833333333
1 0.29375 0.395833333333 0.0234375 0.0972222222222
0 0.096875 0.894444444444 0.05 0.102777777778
0 0.16328125 0.305555555556 0.0328125 0.0888888888889
1 0.13359375 0.327777777778 0.025 0.0680555555556
0 0.06796875 0.375 0.02734375 0.1
1 0.0328125 0.376388888889 0.02421875 0.1
1 0.01953125 0.459722222222 0.03359375 0.113888888889
