1 0.60625 0.452777777778 0.0359375 0.15
0 0.47578125 0.363888888889 0.05234375 0.15
1 0.53125 0.380555555556 0.03828125 0.0972222222222
1 0.65078125 0.356944444444 0.0453125 0.136111111111
0 0.65234375 0.359722222222 0.03671875 0.106944444444
1 0.525 0.372222222222 0.046875 0.101388888889
1 0.3546875 0.465277777778 0.04453125 0.143055555556
0 0.33984375 0.575 0.0546875 0.179166666667
1 0.5625 0.356944444444 0.053125 0.173611111111
0 0.73828125 0.306944444444 0.040625 0.119444444444
0 0.728125 0.520833333333 0.04609375 0.136111111111
