1 0.46171875 0.566666666667 0.03046875 0.120833333333
0 0.678125 0.623611111111 0.0484375 0.161111111111
1 0.30078125 0.516666666667 0.03125 0.129166666667
1 0.62421875 0.441666666667 0.03359375 0.120833333333
0 0.32109375 0.3 0.02265625 0.109722222222
0 0.0578125 0.279166666667 0.02734375 0.0902777777778
1 0.478125 0.3625 0.03515625 0.1
0 0.5875 0.316666666667 0.03515625 0.0930555555556
0 0.38984375 0.434722222222 0.03359375 0.136111111111
1 0.2171875 0.356944444444 0.034375 0.105555555556
0 0.8875 0.473611111111 0.0296875 0.129166666667
0 0.321875 0.5875 0.028125 0.119444444444
1 0.12109375 0.436111111111 0.0328125 0.131944444444
1 0.0234375 0.315277777778 0.03671875 0.105555555556
