1 0.384375 0.423611111111 0.02890625 0.115277777778
0 0.5390625 0.259722222222 0.0578125 0.188888888889
0 0.43515625 0.477777777778 0.03125 0.1
0 0.61953125 0.218055555556 0.03125 0.0958333333333
0 0.18203125 0.209722222222 0.046875 0.161111111111
1 0.33828125 0.226388888889 0.03984375 0.145833333333
0 0.19453125 0.261111111111 0.034375 0.0694444444444
0 0.70625 0.580555555556 0.05078125 0.169444444444
0 0.92265625 0.322222222222 0.03515625 0.118055555556
1 0.1578125 0.377777777778 0.034375 0.143055555556
1 0.18046875 0.244444444444 0.02890625 0.113888888889
0 0.171875 0.202777777778 0.03359375 0.108333333333
1 0.53359375 0.306944444444 0.03671875 0.134722222222
1 0.084375 0.319444444444 0.03359375 0.108333333333
