1 0.52734375 0.5625 0.03046875 0.120833333333
0 0.809375 0.623611111111 0.05078125 0.169444444444
1 0.321875 0.501388888889 0.0328125 0.136111111111
1 0.6875 0.427777777778 0.03203125 0.115277777778
0 0.40234375 0.298611111111 0.02265625 0.109722222222
0 0.0828125 0.284722222222 0.0265625 0.0861111111111
1 0.540625 0.343055555556 0.03359375 0.0958333333333
0 0.59453125 0.334722222222 0.03359375 0.0875
0 0.47265625 0.413888888889 0.03671875 0.15
1 0.315625 0.336111111111 0.03125 0.0958333333333
0 0.365625 0.5875 0.02578125 0.108333333333
1 0.1734375 0.415277777778 0.03125 0.125
1 0.05703125 0.311111111111 0.03203125 0.0902777777778
0 0.05078125 0.3875 0.03515625 0.109722222222
1 -0.0015625 0.390277777778 0.03046875 0.106944444444
