0 0.30625 0.404166666667 0.0265625 0.0930555555556
1 0.46328125 0.356944444444 0.0265625 0.0861111111111
1 0.6390625 0.438888888889 0.02890625 0.115277777778
0 0.50390625 0.336111111111 0.0296875 0.1125
0 0.73125 0.394444444444 0.03046875 0.1
1 0.665625 0.345833333333 0.025 0.0833333333333
0 0.85625 0.338888888889 0.0265625 0.0875
1 0.82578125 0.391666666667 0.0234375 0.0930555555556
1 0.228125 0.456944444444 0.02421875 0.115277777778
0 0.51640625 0.5875 0.0328125 0.104166666667
1 0.2375 0.406944444444 0.025 0.102777777778
0 0.06171875 0.895833333333 0.05 0.102777777778
0 0.08359375 0.316666666667 0.028125 0.0763888888889
1 0.0421875 0.330555555556 0.02578125 0.0708333333333
0 0.0109375 0.391666666667 0.02734375 0.1
