1 0.50859375 0.597222222222 0.03359375 0.133333333333
0 0.56875 0.608333333333 0.028125 0.0902777777778
0 0.559375 0.601388888889 0.0484375 0.161111111111
1 0.32890625 0.526388888889 0.0328125 0.136111111111
1 0.57578125 0.456944444444 0.03515625 0.127777777778
1 0.02890625 0.451388888889 0.03203125 0.104166666667
1 0.05 0.3125 0.0265625 0.0972222222222
0 0.2796875 0.344444444444 0.0171875 0.0819444444444
0 0.14765625 0.234722222222 0.0265625 0.0861111111111
1 0.4078125 0.384722222222 0.0390625 0.109722222222
0 0.70390625 0.320833333333 0.04453125 0.118055555556
0 0.4296875 0.404166666667 0.02890625 0.118055555556
1 0.140625 0.343055555556 0.034375 0.105555555556
0 0.94375 0.423611111111 0.0328125 0.141666666667
0 0.096875 0.358333333333 0.03515625 0.122222222222
