1 0.40859375 0.463888888889 0.02734375 0.109722222222
0 0.5625 0.276388888889 0.0578125 0.188888888889
0 0.52890625 0.497222222222 0.02578125 0.0819444444444
0 0.6515625 0.223611111111 0.0296875 0.0902777777778
0 0.21328125 0.170833333333 0.046875 0.161111111111
1 0.37109375 0.1875 0.04609375 0.168055555556
0 0.215625 0.272222222222 0.0359375 0.0736111111111
0 0.66640625 0.598611111111 0.05078125 0.169444444444
0 0.940625 0.3375 0.03515625 0.118055555556
1 0.18046875 0.415277777778 0.0328125 0.136111111111
1 0.1890625 0.229166666667 0.02734375 0.108333333333
0 0.1828125 0.2 0.03359375 0.108333333333
1 0.559375 0.327777777778 0.03359375 0.122222222222
1 0.115625 0.336111111111 0.03359375 0.108333333333
1 0.00625 0.259722222222 0.025 0.0930555555556
