0 0.33515625 0.397222222222 0.02578125 0.0875
1 0.4984375 0.348611111111 0.02734375 0.0902777777778
1 0.66328125 0.441666666667 0.02578125 0.104166666667
0 0.51171875 0.327777777778 0.0328125 0.123611111111
0 0.7546875 0.4 0.03046875 0.1
1 0.68046875 0.345833333333 0.02578125 0.0875
0 0.89765625 0.338888888889 0.02734375 0.0916666666667
1 0.8453125 0.388888888889 0.02421875 0.0972222222222
1 0.2578125 0.451388888889 0.02421875 0.115277777778
0 0.55546875 0.581944444444 0.034375 0.109722222222
1 0.27734375 0.404166666667 0.0234375 0.0972222222222
0 0.08359375 0.895833333333 0.05 0.102777777778
0 0.128125 0.315277777778 0.0296875 0.0805555555556
1 0.10234375 0.326388888889 0.025 0.0680555555556
0 0.04765625 0.375 0.02890625 0.105555555556
1 0.01640625 0.376388888889 0.02578125 0.105555555556
1 0.00546875 0.458333333333 0.03359375 0.113888888889
