0 0.284375 0.404166666667 0.02578125 0.0875
1 0.43515625 0.365277777778 0.025 0.0819444444444
1 0.62421875 0.45 0.02734375 0.109722222222
0 0.49296875 0.3375 0.0296875 0.1125
0 0.7171875 0.401388888889 0.03046875 0.1
1 0.6546875 0.347222222222 0.0234375 0.0791666666667
0 0.82890625 0.3375 0.0265625 0.0875
1 0.8140625 0.394444444444 0.02421875 0.0972222222222
1 0.21015625 0.468055555556 0.02421875 0.115277777778
0 0.48203125 0.591666666667 0.034375 0.109722222222
1 0.2109375 0.408333333333 0.0234375 0.0972222222222
0 0.04609375 0.894444444444 0.05 0.102777777778
0 0.04921875 0.319444444444 0.028125 0.0763888888889
1 0.009375 0.333333333333 0.02734375 0.075
