1 0.5203125 0.598611111111 0.03359375 0.133333333333
0 0.5875 0.601388888889 0.028125 0.0902777777778
0 0.57421875 0.6 0.04609375 0.152777777778
1 0.33515625 0.534722222222 0.0328125 0.136111111111
1 0.58515625 0.461111111111 0.03359375 0.120833333333
1 0.040625 0.447222222222 0.03203125 0.104166666667
1 0.06171875 0.311111111111 0.0265625 0.0972222222222
0 0.2890625 0.341666666667 0.01640625 0.0777777777778
0 0.1625 0.236111111111 0.025 0.0819444444444
1 0.4140625 0.379166666667 0.03671875 0.105555555556
0 0.71875 0.316666666667 0.04453125 0.118055555556
0 0.44453125 0.401388888889 0.02890625 0.118055555556
1 0.153125 0.341666666667 0.034375 0.105555555556
0 0.9609375 0.426388888889 0.0328125 0.141666666667
0 0.11328125 0.354166666667 0.03515625 0.122222222222
