1 0.81484375 0.497222222222 0.034375 0.143055555556
0 0.75078125 0.311111111111 0.03046875 0.1
0 0.3515625 0.345833333333 0.04296875 0.123611111111
1 0.328125 0.376388888889 0.0421875 0.106944444444
1 0.72421875 0.372222222222 0.05 0.151388888889
0 0.71484375 0.352777777778 0.04453125 0.129166666667
1 0.64140625 0.298611111111 0.053125 0.129166666667
1 0.5421875 0.366666666667 0.04921875 0.106944444444
1 0.28515625 0.506944444444 0.0421875 0.136111111111
0 0.3046875 0.784722222222 0.06328125 0.206944444444
