0 0.31328125 0.401388888889 0.0265625 0.0930555555556
1 0.47265625 0.352777777778 0.0265625 0.0861111111111
1 0.64453125 0.4375 0.02890625 0.115277777778
0 0.5078125 0.338888888889 0.028125 0.106944444444
0 0.7375 0.394444444444 0.03046875 0.1
1 0.66875 0.347222222222 0.025 0.0833333333333
0 0.8671875 0.338888888889 0.0265625 0.0875
1 0.8296875 0.386111111111 0.02421875 0.0972222222222
1 0.234375 0.459722222222 0.02421875 0.115277777778
0 0.52578125 0.586111111111 0.0328125 0.104166666667
1 0.24609375 0.401388888889 0.025 0.102777777778
0 0.06796875 0.895833333333 0.05 0.102777777778
0 0.096875 0.318055555556 0.028125 0.0763888888889
1 0.05546875 0.331944444444 0.025 0.0680555555556
0 0.02109375 0.390277777778 0.02734375 0.1
