1 0.75859375 0.55 0.03046875 0.120833333333
1 0.4453125 0.481944444444 0.034375 0.143055555556
1 0.93359375 0.422222222222 0.03359375 0.120833333333
0 0.659375 0.313888888889 0.0203125 0.1
0 0.23828125 0.277777777778 0.03046875 0.1
1 0.70625 0.318055555556 0.03203125 0.0916666666667
0 0.76796875 0.345833333333 0.02265625 0.0597222222222
0 0.75625 0.395833333333 0.03671875 0.15
1 0.571875 0.315277777778 0.034375 0.105555555556
0 0.5875 0.565277777778 0.02578125 0.108333333333
1 0.3203125 0.381944444444 0.028125 0.113888888889
1 0.19609375 0.298611111111 0.03359375 0.0944444444444
0 0.25078125 0.333333333333 0.03515625 0.109722222222
1 0.15546875 0.354166666667 0.03046875 0.106944444444
0 0.03203125 0.372222222222 0.0453125 0.129166666667
1 0.0140625 0.413888888889 0.04609375 0.118055555556
