1 0.8171875 0.497222222222 0.034375 0.143055555556
0 0.75546875 0.315277777778 0.03046875 0.1
0 0.3578125 0.345833333333 0.04296875 0.123611111111
1 0.33203125 0.370833333333 0.0421875 0.106944444444
1 0.725 0.370833333333 0.05 0.151388888889
0 0.7203125 0.354166666667 0.04453125 0.129166666667
1 0.646875 0.295833333333 0.053125 0.129166666667
1 0.5453125 0.363888888889 0.04921875 0.106944444444
1 0.28828125 0.504166666667 0.0421875 0.136111111111
0 0.31015625 0.788888888889 0.06328125 0.206944444444
