1 0.30234375 0.394444444444 0.02734375 0.109722222222
0 0.42421875 0.288888888889 0.040625 0.134722222222
0 0.225 0.494444444444 0.034375 0.109722222222
0 0.56328125 0.2625 0.028125 0.0861111111111
0 0.13828125 0.266666666667 0.03203125 0.109722222222
1 0.246875 0.269444444444 0.034375 0.125
0 0.13671875 0.294444444444 0.034375 0.0694444444444
0 0.75078125 0.566666666667 0.053125 0.177777777778
0 0.81796875 0.348611111111 0.0390625 0.130555555556
1 0.034375 0.370833333333 0.034375 0.143055555556
1 0.06875 0.281944444444 0.02734375 0.108333333333
0 0.0625 0.236111111111 0.03515625 0.113888888889
1 0.42265625 0.280555555556 0.040625 0.148611111111
