0 0.08671875 0.448611111111 0.0296875 0.102777777778
1 0.12421875 0.418055555556 0.02890625 0.0944444444444
1 0.4375 0.515277777778 0.02890625 0.115277777778
0 0.365625 0.383333333333 0.02578125 0.0972222222222
0 0.528125 0.440277777778 0.03046875 0.1
1 0.5125 0.358333333333 0.02578125 0.0875
0 0.5578125 0.354166666667 0.0234375 0.0791666666667
1 0.6234375 0.429166666667 0.02265625 0.0888888888889
0 0.959375 0.693055555556 0.040625 0.138888888889
1 0.01796875 0.523611111111 0.02421875 0.115277777778
0 0.07890625 0.627777777778 0.034375 0.109722222222
