0 0.4546875 0.380555555556 0.02421875 0.0833333333333
1 0.56171875 0.386111111111 0.02734375 0.109722222222
0 0.6921875 0.352777777778 0.02890625 0.0958333333333
1 0.44296875 0.320833333333 0.03828125 0.129166666667
1 0.6921875 0.341666666667 0.028125 0.1125
1 0.33984375 0.390277777778 0.02578125 0.120833333333
0 0.553125 0.488888888889 0.034375 0.109722222222
1 0.3828125 0.35 0.0203125 0.0847222222222
0 0.321875 0.293055555556 0.0328125 0.0888888888889
0 0.0609375 0.354166666667 0.03203125 0.115277777778
1 0.04296875 0.336111111111 0.028125 0.116666666667
0 0.46328125 0.405555555556 0.01953125 0.0569444444444
1 0.4453125 0.309722222222 0.03125 0.0902777777778
1 0.20234375 0.2875 0.03203125 0.104166666667
0 0.88203125 0.3125 0.034375 0.105555555556
