0 0.42578125 0.368055555556 0.0265625 0.0930555555556
1 0.7125 0.409722222222 0.02734375 0.109722222222
0 0.8421875 0.377777777778 0.03046875 0.1
1 0.69765625 0.336111111111 0.02734375 0.0916666666667
1 0.90234375 0.376388888889 0.02734375 0.108333333333
1 0.34765625 0.426388888889 0.02421875 0.115277777778
0 0.6671875 0.548611111111 0.034375 0.109722222222
1 0.35859375 0.380555555556 0.021875 0.0888888888889
0 0.13046875 0.883333333333 0.05234375 0.108333333333
0 0.3125 0.305555555556 0.0328125 0.0888888888889
1 0.3125 0.325 0.025 0.0680555555556
0 0.16875 0.359722222222 0.025 0.0902777777778
1 0.128125 0.35 0.02578125 0.105555555556
1 0.06171875 0.427777777778 0.03359375 0.113888888889
1 0.003125 0.523611111111 0.04296875 0.125
0 0.54453125 0.323611111111 0.03125 0.0930555555556
1 0.515625 0.320833333333 0.0296875 0.0861111111111
