0 0.425 0.369444444444 0.0265625 0.0930555555556
1 0.7125 0.409722222222 0.02734375 0.109722222222
0 0.84140625 0.377777777778 0.03046875 0.1
1 0.69609375 0.3375 0.02734375 0.0916666666667
1 0.90234375 0.376388888889 0.02734375 0.108333333333
1 0.34765625 0.423611111111 0.02421875 0.115277777778
0 0.665625 0.551388888889 0.034375 0.109722222222
1 0.3578125 0.379166666667 0.021875 0.0888888888889
0 0.13359375 0.886111111111 0.05 0.102777777778
0 0.3109375 0.305555555556 0.0328125 0.0888888888889
1 0.3109375 0.326388888889 0.02578125 0.0708333333333
0 0.16796875 0.361111111111 0.025 0.0902777777778
1 0.12734375 0.348611111111 0.02578125 0.105555555556
1 0.0625 0.429166666667 0.03203125 0.108333333333
1 0.003125 0.527777777778 0.04296875 0.125
0 0.54453125 0.322222222222 0.03125 0.0930555555556
1 0.5140625 0.323611111111 0.0296875 0.0861111111111
