1 0.63359375 0.554166666667 0.02890625 0.115277777778
1 0.35625 0.4875 0.034375 0.143055555556
1 0.79453125 0.434722222222 0.03046875 0.109722222222
0 0.53359375 0.3 0.025 0.120833333333
0 0.1328125 0.2875 0.02890625 0.0944444444444
1 0.60078125 0.322222222222 0.03203125 0.0916666666667
0 0.64765625 0.331944444444 0.0265625 0.0680555555556
0 0.60703125 0.397222222222 0.03828125 0.156944444444
1 0.43828125 0.336111111111 0.0296875 0.0916666666667
0 0.44921875 0.570833333333 0.02734375 0.113888888889
1 0.2421875 0.398611111111 0.028125 0.113888888889
1 0.09765625 0.302777777778 0.03203125 0.0902777777778
0 0.12421875 0.355555555556 0.03515625 0.109722222222
1 0.06171875 0.372222222222 0.03046875 0.106944444444
