1 0.56015625 0.602777777778 0.03359375 0.133333333333
0 0.653125 0.569444444444 0.02734375 0.0861111111111
0 0.6171875 0.623611111111 0.04609375 0.152777777778
1 0.365625 0.525 0.03125 0.129166666667
1 0.61875 0.461111111111 0.03046875 0.109722222222
1 0.09296875 0.425 0.03203125 0.104166666667
1 0.10234375 0.309722222222 0.0265625 0.0972222222222
0 0.31953125 0.331944444444 0.01796875 0.0861111111111
0 0.2171875 0.227777777778 0.025 0.0819444444444
1 0.4484375 0.375 0.03515625 0.1
1 0.00078125 0.413888888889 0.04375 0.105555555556
0 0.7734375 0.313888888889 0.04453125 0.118055555556
0 0.50234375 0.388888888889 0.02734375 0.1125
0 0.19921875 0.334722222222 0.034375 0.126388888889
1 0.19609375 0.331944444444 0.0359375 0.109722222222
