1 0.51328125 0.513888888889 0.02890625 0.115277777778
0 0.70703125 0.473611111111 0.02421875 0.0777777777778
0 0.665625 0.615277777778 0.0484375 0.161111111111
1 0.309375 0.429166666667 0.028125 0.118055555556
1 0.68046875 0.330555555556 0.02890625 0.104166666667
1 0.23671875 0.329166666667 0.03046875 0.0986111111111
1 0.16484375 0.238888888889 0.025 0.0930555555556
0 0.3609375 0.240277777778 0.0265625 0.126388888889
0 0.31171875 0.283333333333 0.0296875 0.0791666666667
0 0.321875 0.175 0.0265625 0.0861111111111
1 0.309375 0.252777777778 0.0265625 0.0861111111111
1 0.47734375 0.275 0.03359375 0.0958333333333
1 0.07109375 0.325 0.0390625 0.0958333333333
0 0.821875 0.236111111111 0.03828125 0.102777777778
0 0.66484375 0.279166666667 0.03203125 0.130555555556
0 0.0125 0.343055555556 0.0375 0.113888888889
