1 0.321875 0.402777777778 0.02890625 0.115277777778
0 0.4796875 0.266666666667 0.05 0.163888888889
0 0.30859375 0.483333333333 0.03828125 0.120833333333
0 0.56640625 0.223611111111 0.03125 0.0958333333333
0 0.1328125 0.193055555556 0.0515625 0.177777777778
1 0.2796875 0.219444444444 0.04609375 0.168055555556
0 0.1421875 0.2625 0.0328125 0.0666666666667
0 0.72421875 0.5875 0.04609375 0.154166666667
0 0.87109375 0.323611111111 0.03359375 0.1125
1 0.0890625 0.375 0.034375 0.143055555556
1 0.128125 0.243055555556 0.03203125 0.125
0 0.1015625 0.195833333333 0.03359375 0.108333333333
1 0.46953125 0.290277777778 0.040625 0.148611111111
1 0.00625 0.318055555556 0.03515625 0.113888888889
