1 0.54375 0.556944444444 0.02890625 0.115277777778
0 0.75 0.494444444444 0.02734375 0.0861111111111
0 0.68046875 0.647222222222 0.04609375 0.152777777778
1 0.3484375 0.452777777778 0.0296875 0.123611111111
1 0.709375 0.35 0.02890625 0.104166666667
1 0.25390625 0.35 0.03046875 0.0986111111111
1 0.1921875 0.256944444444 0.0234375 0.0888888888889
0 0.38984375 0.252777777778 0.0265625 0.126388888889
0 0.35 0.1875 0.025 0.0819444444444
1 0.50859375 0.297222222222 0.03203125 0.0902777777778
1 0.0921875 0.341666666667 0.0390625 0.0958333333333
0 0.87109375 0.255555555556 0.03828125 0.102777777778
0 0.67578125 0.305555555556 0.03046875 0.123611111111
0 0.03359375 0.372222222222 0.0359375 0.108333333333
0 0.34296875 0.288888888889 0.02421875 0.0902777777778
1 0.33359375 0.265277777778 0.0328125 0.1
