0 0.1828125 0.418055555556 0.0265625 0.0930555555556
1 0.26875 0.381944444444 0.02890625 0.0944444444444
1 0.54140625 0.475 0.03046875 0.120833333333
0 0.4296875 0.354166666667 0.02734375 0.102777777778
0 0.6359375 0.415277777778 0.03046875 0.1
1 0.5890625 0.344444444444 0.0234375 0.0791666666667
0 0.69296875 0.336111111111 0.02734375 0.0916666666667
1 0.7359375 0.402777777778 0.0234375 0.0930555555556
1 0.125 0.491666666667 0.0234375 0.109722222222
0 0.3015625 0.606944444444 0.03828125 0.120833333333
1 0.08203125 0.438888888889 0.02265625 0.0930555555556
