1 0.76484375 0.495833333333 0.034375 0.143055555556
0 0.63359375 0.308333333333 0.03359375 0.109722222222
0 0.2890625 0.356944444444 0.04296875 0.123611111111
1 0.27578125 0.384722222222 0.0421875 0.106944444444
1 0.63671875 0.366666666667 0.0546875 0.166666666667
0 0.6359375 0.383333333333 0.04921875 0.143055555556
1 0.53671875 0.290277777778 0.05625 0.134722222222
1 0.46484375 0.358333333333 0.04921875 0.106944444444
1 0.21796875 0.543055555556 0.04609375 0.15
0 0.19609375 0.801388888889 0.06015625 0.197222222222
