1 0.54296875 0.602777777778 0.03359375 0.133333333333
0 0.625 0.583333333333 0.028125 0.0902777777778
0 0.60234375 0.601388888889 0.04609375 0.152777777778
1 0.353125 0.536111111111 0.0328125 0.136111111111
1 0.603125 0.458333333333 0.03203125 0.115277777778
1 0.06953125 0.436111111111 0.03203125 0.104166666667
1 0.084375 0.311111111111 0.0265625 0.0972222222222
0 0.30546875 0.336111111111 0.0171875 0.0819444444444
0 0.19453125 0.230555555556 0.025 0.0819444444444
1 0.4328125 0.372222222222 0.03671875 0.105555555556
0 0.74921875 0.306944444444 0.04453125 0.118055555556
0 0.478125 0.393055555556 0.02734375 0.1125
0 0.17890625 0.338888888889 0.034375 0.126388888889
1 0.178125 0.340277777778 0.034375 0.105555555556
