1 0.40078125 0.448611111111 0.02734375 0.109722222222
0 0.55625 0.270833333333 0.0578125 0.188888888889
0 0.49453125 0.490277777778 0.0296875 0.0944444444444
0 0.6390625 0.202777777778 0.03125 0.0958333333333
0 0.20859375 0.169444444444 0.046875 0.161111111111
1 0.36328125 0.191666666667 0.0421875 0.152777777778
0 0.20703125 0.266666666667 0.0359375 0.0736111111111
0 0.684375 0.566666666667 0.053125 0.177777777778
0 0.934375 0.331944444444 0.03515625 0.118055555556
1 0.1734375 0.402777777778 0.034375 0.143055555556
1 0.18515625 0.229166666667 0.0265625 0.102777777778
0 0.1796875 0.198611111111 0.03359375 0.108333333333
1 0.5515625 0.323611111111 0.03359375 0.122222222222
1 0.10546875 0.334722222222 0.03359375 0.108333333333
