1 0.403125 0.3875 0.03046875 0.120833333333
0 0.52734375 0.330555555556 0.03203125 0.105555555556
0 0.33671875 0.479166666667 0.0359375 0.115277777778
0 0.76640625 0.281944444444 0.0328125 0.1
0 0.29921875 0.288888888889 0.02578125 0.0902777777778
1 0.34453125 0.311111111111 0.0359375 0.131944444444
0 0.28125 0.368055555556 0.0359375 0.0736111111111
0 0.88671875 0.576388888889 0.053125 0.177777777778
0 0.95390625 0.379166666667 0.03515625 0.118055555556
1 0.16640625 0.3875 0.0328125 0.136111111111
1 0.1375 0.348611111111 0.0296875 0.116666666667
1 0.1703125 0.326388888889 0.02890625 0.113888888889
0 0.18515625 0.276388888889 0.03515625 0.113888888889
1 0.509375 0.326388888889 0.03515625 0.127777777778
