1 0.4015625 0.451388888889 0.0359375 0.15
0 0.34140625 0.391666666667 0.0578125 0.165277777778
1 0.69609375 0.35 0.04765625 0.143055555556
0 0.7015625 0.351388888889 0.03359375 0.0958333333333
1 0.484375 0.409722222222 0.046875 0.101388888889
1 0.2234375 0.461111111111 0.046875 0.15
0 0.2421875 0.5375 0.0515625 0.169444444444
1 0.6125 0.3125 0.04765625 0.158333333333
0 0.3640625 0.473611111111 0.0421875 0.123611111111
1 0.94765625 0.386111111111 0.05234375 0.131944444444
0 0.3546875 0.390277777778 0.04375 0.179166666667
1 0.9 0.476388888889 0.04453125 0.148611111111
0 0.77578125 0.3625 0.040625 0.120833333333
