0 0.09609375 0.463888888889 0.0265625 0.0930555555556
1 0.12890625 0.429166666667 0.02890625 0.0944444444444
1 0.40546875 0.544444444444 0.02734375 0.109722222222
0 0.38671875 0.397222222222 0.02578125 0.0972222222222
0 0.5078125 0.454166666667 0.02890625 0.0958333333333
1 0.4984375 0.366666666667 0.02734375 0.0916666666667
0 0.54921875 0.356944444444 0.02265625 0.075
1 0.59453125 0.436111111111 0.0234375 0.0930555555556
0 0.90703125 0.697222222222 0.0390625 0.131944444444
0 0.95234375 0.419444444444 0.0359375 0.104166666667
1 0.00078125 0.529166666667 0.02421875 0.115277777778
