1 0.32109375 0.381944444444 0.03046875 0.120833333333
0 0.4421875 0.305555555556 0.03515625 0.116666666667
0 0.24140625 0.491666666667 0.034375 0.109722222222
0 0.621875 0.273611111111 0.028125 0.0861111111111
0 0.20234375 0.258333333333 0.03046875 0.104166666667
1 0.2671875 0.298611111111 0.034375 0.125
0 0.175 0.313888888889 0.03125 0.0638888888889
0 0.79453125 0.569444444444 0.053125 0.177777777778
0 0.85859375 0.352777777778 0.0390625 0.130555555556
1 0.053125 0.372222222222 0.03828125 0.156944444444
1 0.075 0.3 0.02734375 0.108333333333
0 0.09140625 0.248611111111 0.03359375 0.108333333333
1 0.43671875 0.302777777778 0.0390625 0.140277777778
