1 0.43203125 0.473611111111 0.02890625 0.115277777778
0 0.5859375 0.269444444444 0.0546875 0.180555555556
0 0.5828125 0.483333333333 0.02578125 0.0819444444444
0 0.69140625 0.2125 0.03125 0.0958333333333
1 0.42890625 0.176388888889 0.04375 0.159722222222
0 0.65859375 0.620833333333 0.0484375 0.161111111111
1 0.21171875 0.4125 0.0328125 0.136111111111
1 0.2171875 0.191666666667 0.03203125 0.125
0 0.21953125 0.186111111111 0.03203125 0.102777777778
1 0.590625 0.326388888889 0.03203125 0.115277777778
1 0.15078125 0.343055555556 0.03046875 0.0986111111111
1 0.0546875 0.254166666667 0.025 0.0930555555556
0 0.2546875 0.258333333333 0.0265625 0.126388888889
0 0.240625 0.290277777778 0.03125 0.0833333333333
