1 0.4734375 0.472222222222 0.02734375 0.109722222222
0 0.6203125 0.2375 0.0578125 0.188888888889
0 0.6390625 0.452777777778 0.02578125 0.0819444444444
0 0.74921875 0.1875 0.03125 0.0958333333333
0 0.66640625 0.609722222222 0.0484375 0.161111111111
1 0.26015625 0.395833333333 0.0328125 0.136111111111
1 0.63203125 0.301388888889 0.03046875 0.109722222222
1 0.20234375 0.322222222222 0.02734375 0.0888888888889
1 0.11328125 0.225 0.02890625 0.108333333333
0 0.31015625 0.227777777778 0.0265625 0.126388888889
0 0.27890625 0.270833333333 0.0296875 0.0791666666667
0 0.2734375 0.176388888889 0.025 0.0819444444444
1 0.26328125 0.234722222222 0.0296875 0.0944444444444
1 0.43046875 0.261111111111 0.03515625 0.1
1 0.02109375 0.309722222222 0.04140625 0.1
