0 0.2875 0.404166666667 0.0265625 0.0930555555556
1 0.440625 0.363888888889 0.025 0.0819444444444
1 0.628125 0.45 0.02734375 0.109722222222
0 0.49609375 0.3375 0.028125 0.106944444444
0 0.71953125 0.397222222222 0.03046875 0.1
1 0.65546875 0.347222222222 0.0234375 0.0791666666667
0 0.83359375 0.3375 0.0265625 0.0875
1 0.815625 0.394444444444 0.02421875 0.0972222222222
1 0.21171875 0.463888888889 0.02421875 0.115277777778
0 0.4875 0.593055555556 0.0328125 0.104166666667
1 0.215625 0.406944444444 0.025 0.102777777778
0 0.0484375 0.894444444444 0.05 0.102777777778
0 0.05390625 0.320833333333 0.028125 0.0763888888889
1 0.01484375 0.334722222222 0.02578125 0.0708333333333
