0 0.29609375 0.408333333333 0.02578125 0.0875
1 0.45 0.361111111111 0.025 0.0819444444444
1 0.63359375 0.451388888889 0.02734375 0.109722222222
0 0.50078125 0.3375 0.028125 0.106944444444
0 0.7234375 0.395833333333 0.03046875 0.1
1 0.659375 0.352777777778 0.0234375 0.0791666666667
0 0.84296875 0.3375 0.0265625 0.0875
1 0.81953125 0.384722222222 0.02421875 0.0972222222222
1 0.21796875 0.459722222222 0.02421875 0.115277777778
0 0.5 0.591666666667 0.0328125 0.104166666667
1 0.22421875 0.406944444444 0.025 0.102777777778
0 0.0546875 0.895833333333 0.05 0.102777777778
0 0.06796875 0.320833333333 0.028125 0.0763888888889
1 0.02578125 0.333333333333 0.02578125 0.0708333333333
