1 0.43203125 0.565277777778 0.03203125 0.127777777778
0 0.61171875 0.627777777778 0.0484375 0.161111111111
1 0.28359375 0.519444444444 0.028125 0.118055555556
1 0.58984375 0.438888888889 0.03671875 0.133333333333
0 0.2796875 0.305555555556 0.021875 0.104166666667
0 0.03515625 0.277777777778 0.0265625 0.0861111111111
1 0.43125 0.370833333333 0.03671875 0.105555555556
0 0.56796875 0.325 0.03828125 0.102777777778
0 0.35 0.438888888889 0.03359375 0.136111111111
1 0.16953125 0.359722222222 0.034375 0.105555555556
0 0.84140625 0.472222222222 0.03125 0.134722222222
0 0.296875 0.590277777778 0.0296875 0.125
1 0.08671875 0.454166666667 0.03125 0.125
