0 0.25 0.415277777778 0.02578125 0.0875
1 0.3765625 0.369444444444 0.0265625 0.0861111111111
1 0.59765625 0.458333333333 0.02890625 0.115277777778
0 0.46953125 0.343055555556 0.028125 0.106944444444
0 0.69140625 0.401388888889 0.03046875 0.1
1 0.63515625 0.348611111111 0.02265625 0.075
0 0.78125 0.334722222222 0.0265625 0.0875
1 0.7921875 0.402777777778 0.02109375 0.0847222222222
1 0.1796875 0.472222222222 0.02421875 0.115277777778
0 0.4203125 0.595833333333 0.034375 0.109722222222
1 0.16484375 0.419444444444 0.0234375 0.0972222222222
0 0.01640625 0.890277777778 0.05234375 0.108333333333
