1 0.47890625 0.466666666667 0.034375 0.143055555556
0 0.36640625 0.379166666667 0.06015625 0.173611111111
1 0.640625 0.356944444444 0.0453125 0.136111111111
0 0.6453125 0.358333333333 0.03515625 0.101388888889
1 0.45 0.393055555556 0.04921875 0.106944444444
1 0.21640625 0.468055555556 0.04921875 0.156944444444
0 0.22890625 0.516666666667 0.05703125 0.1875
1 0.57109375 0.311111111111 0.053125 0.173611111111
0 0.6625 0.302777777778 0.04765625 0.1375
0 0.43359375 0.506944444444 0.04375 0.129166666667
1 0.88671875 0.397222222222 0.0546875 0.138888888889
0 0.4109375 0.394444444444 0.0359375 0.147222222222
1 0.95234375 0.5 0.04453125 0.148611111111
