1 0.53046875 0.6 0.03359375 0.133333333333
0 0.6078125 0.595833333333 0.02734375 0.0861111111111
0 0.58984375 0.6 0.04375 0.145833333333
1 0.34375 0.534722222222 0.0328125 0.136111111111
1 0.59453125 0.461111111111 0.03203125 0.115277777778
1 0.0546875 0.443055555556 0.03203125 0.104166666667
1 0.07109375 0.306944444444 0.02734375 0.102777777778
0 0.29765625 0.336111111111 0.0171875 0.0819444444444
0 0.17890625 0.233333333333 0.025 0.0819444444444
1 0.4234375 0.375 0.03671875 0.105555555556
0 0.734375 0.315277777778 0.04453125 0.118055555556
0 0.4609375 0.394444444444 0.02890625 0.118055555556
0 0.1640625 0.338888888889 0.0359375 0.133333333333
1 0.16484375 0.344444444444 0.034375 0.105555555556
