0 0.45078125 0.370833333333 0.0265625 0.0930555555556
1 0.696875 0.401388888889 0.02890625 0.115277777778
0 0.8578125 0.377777777778 0.03046875 0.1
1 0.62578125 0.333333333333 0.02734375 0.0916666666667
1 0.8921875 0.369444444444 0.02734375 0.108333333333
1 0.371875 0.418055555556 0.02421875 0.115277777778
0 0.68515625 0.533333333333 0.03828125 0.120833333333
1 0.4 0.366666666667 0.02265625 0.0930555555556
0 0.10234375 0.880555555556 0.0546875 0.113888888889
0 0.37109375 0.305555555556 0.034375 0.0930555555556
0 0.1796875 0.351388888889 0.02890625 0.105555555556
1 0.14765625 0.345833333333 0.02578125 0.105555555556
1 0.071875 0.416666666667 0.03359375 0.113888888889
1 0.0 0.5375 0.040625 0.119444444444
0 0.5421875 0.327777777778 0.03125 0.0930555555556
1 0.52109375 0.311111111111 0.0328125 0.0944444444444
1 0.334375 0.308333333333 0.02890625 0.0944444444444
