1 0.54765625 0.455555555556 0.0359375 0.15
0 0.41953125 0.368055555556 0.0546875 0.158333333333
1 0.48671875 0.380555555556 0.03828125 0.0972222222222
1 0.62421875 0.352777777778 0.04296875 0.130555555556
0 0.62109375 0.330555555556 0.046875 0.136111111111
1 0.48203125 0.379166666667 0.04921875 0.106944444444
1 0.2796875 0.466666666667 0.04453125 0.143055555556
0 0.2796875 0.544444444444 0.0515625 0.169444444444
1 0.5421875 0.3 0.0578125 0.191666666667
0 0.68046875 0.304166666667 0.04296875 0.125
0 0.58359375 0.491666666667 0.0484375 0.143055555556
1 0.9265625 0.388888888889 0.0546875 0.138888888889
