0 0.37734375 0.384722222222 0.0265625 0.0930555555556
1 0.52109375 0.329166666667 0.02734375 0.0902777777778
1 0.6953125 0.423611111111 0.02578125 0.104166666667
0 0.525 0.316666666667 0.03125 0.118055555556
0 0.79609375 0.391666666667 0.02890625 0.0958333333333
1 0.70703125 0.340277777778 0.02578125 0.0875
0 0.95625 0.333333333333 0.02890625 0.0958333333333
1 0.878125 0.390277777778 0.0234375 0.0930555555556
1 0.29921875 0.438888888889 0.02421875 0.115277777778
0 0.6078125 0.572222222222 0.0359375 0.115277777778
1 0.32109375 0.395833333333 0.02265625 0.0930555555556
0 0.115625 0.8875 0.05 0.102777777778
0 0.20859375 0.302777777778 0.034375 0.0930555555556
1 0.19453125 0.320833333333 0.02578125 0.0708333333333
0 0.10078125 0.366666666667 0.02890625 0.105555555556
1 0.0640625 0.370833333333 0.02421875 0.1
1 0.03984375 0.445833333333 0.03359375 0.113888888889
