1 0.73203125 0.480555555556 0.034375 0.143055555556
0 0.5796875 0.366666666667 0.0453125 0.129166666667
1 0.58203125 0.379166666667 0.03828125 0.0972222222222
1 0.71953125 0.379166666667 0.05 0.151388888889
0 0.7234375 0.383333333333 0.040625 0.116666666667
1 0.59453125 0.420833333333 0.04453125 0.0972222222222
1 0.44296875 0.461111111111 0.0421875 0.136111111111
0 0.43984375 0.636111111111 0.06015625 0.197222222222
1 0.67578125 0.368055555556 0.0453125 0.15
0 0.86484375 0.3125 0.05 0.144444444444
