1 0.64609375 0.461111111111 0.034375 0.143055555556
0 0.528125 0.347222222222 0.0546875 0.158333333333
1 0.5390625 0.395833333333 0.0359375 0.0916666666667
1 0.6609375 0.3625 0.05 0.151388888889
0 0.6671875 0.347222222222 0.040625 0.116666666667
1 0.53671875 0.402777777778 0.0421875 0.0930555555556
1 0.39296875 0.465277777778 0.04453125 0.143055555556
0 0.3828125 0.593055555556 0.0515625 0.169444444444
1 0.58984375 0.369444444444 0.04765625 0.158333333333
0 0.78203125 0.311111111111 0.0453125 0.130555555556
0 0.8140625 0.530555555556 0.053125 0.158333333333
