0 0.165625 0.422222222222 0.0265625 0.0930555555556
1 0.24609375 0.386111111111 0.02734375 0.0902777777778
1 0.5265625 0.479166666667 0.03046875 0.120833333333
0 0.41640625 0.361111111111 0.02421875 0.0930555555556
0 0.61953125 0.418055555556 0.03046875 0.1
1 0.578125 0.345833333333 0.0234375 0.0791666666667
0 0.66953125 0.338888888889 0.02734375 0.0916666666667
1 0.71796875 0.402777777778 0.0234375 0.0930555555556
1 0.10859375 0.495833333333 0.02421875 0.115277777778
0 0.265625 0.605555555556 0.0421875 0.133333333333
1 0.0625 0.444444444444 0.02265625 0.0930555555556
