1 0.3796875 0.386111111111 0.02890625 0.115277777778
0 0.49921875 0.316666666667 0.03359375 0.111111111111
0 0.2984375 0.481944444444 0.034375 0.109722222222
0 0.72421875 0.277777777778 0.03125 0.0958333333333
0 0.27734375 0.277777777778 0.02578125 0.0902777777778
1 0.321875 0.298611111111 0.0359375 0.131944444444
0 0.24921875 0.351388888889 0.0375 0.0777777777778
0 0.8609375 0.572222222222 0.053125 0.177777777778
0 0.928125 0.370833333333 0.0390625 0.130555555556
1 0.12734375 0.380555555556 0.0328125 0.136111111111
1 0.0890625 0.334722222222 0.03125 0.122222222222
1 0.1328125 0.313888888889 0.02890625 0.113888888889
0 0.15546875 0.2625 0.03515625 0.113888888889
1 0.48828125 0.311111111111 0.03671875 0.134722222222
