1 0.3140625 0.381944444444 0.03046875 0.120833333333
0 0.42890625 0.294444444444 0.0390625 0.127777777778
0 0.23203125 0.494444444444 0.034375 0.109722222222
0 0.6 0.268055555556 0.0296875 0.0902777777778
0 0.18203125 0.256944444444 0.03046875 0.104166666667
1 0.2578125 0.293055555556 0.034375 0.125
0 0.159375 0.309722222222 0.0328125 0.0666666666667
0 0.77890625 0.570833333333 0.053125 0.177777777778
0 0.846875 0.352777777778 0.0390625 0.130555555556
1 0.03984375 0.3625 0.03984375 0.165277777778
1 0.06484375 0.294444444444 0.02734375 0.108333333333
0 0.0796875 0.244444444444 0.03359375 0.108333333333
1 0.4265625 0.283333333333 0.040625 0.148611111111
