1 0.2984375 0.391666666667 0.02734375 0.109722222222
0 0.43671875 0.288888888889 0.040625 0.134722222222
0 0.2296875 0.501388888889 0.0328125 0.104166666667
0 0.5484375 0.25 0.0296875 0.0902777777778
0 0.1234375 0.227777777778 0.03828125 0.133333333333
1 0.25078125 0.2625 0.034375 0.125
0 0.12734375 0.270833333333 0.034375 0.0694444444444
0 0.740625 0.573611111111 0.05078125 0.169444444444
0 0.825 0.3375 0.03671875 0.123611111111
1 0.04375 0.368055555556 0.0359375 0.15
1 0.08828125 0.269444444444 0.02734375 0.108333333333
0 0.06796875 0.222222222222 0.03515625 0.113888888889
1 0.4359375 0.2875 0.040625 0.148611111111
