1 0.57265625 0.594444444444 0.02890625 0.115277777778
0 0.775 0.520833333333 0.028125 0.0902777777778
0 0.7 0.636111111111 0.04609375 0.152777777778
1 0.37734375 0.469444444444 0.028125 0.118055555556
1 0.71796875 0.376388888889 0.03046875 0.109722222222
1 0.2484375 0.370833333333 0.02890625 0.0944444444444
1 0.196875 0.273611111111 0.025 0.0930555555556
0 0.4 0.275 0.02421875 0.115277777778
0 0.35703125 0.194444444444 0.0265625 0.0861111111111
1 0.52109375 0.3125 0.03359375 0.0958333333333
1 0.09296875 0.359722222222 0.04140625 0.1
0 0.88984375 0.2625 0.0421875 0.1125
0 0.671875 0.320833333333 0.03046875 0.123611111111
0 0.034375 0.391666666667 0.034375 0.102777777778
0 0.33828125 0.305555555556 0.02578125 0.0944444444444
1 0.33359375 0.286111111111 0.0328125 0.1
0 0.04375 0.765277777778 0.05703125 0.190277777778
