1 0.4515625 0.588888888889 0.03203125 0.127777777778
0 0.50234375 0.627777777778 0.05078125 0.169444444444
1 0.290625 0.530555555556 0.034375 0.143055555556
1 0.5359375 0.463888888889 0.03359375 0.120833333333
0 0.2390625 0.338888888889 0.01875 0.0902777777778
0 0.075 0.244444444444 0.0265625 0.0861111111111
1 0.36171875 0.395833333333 0.04296875 0.122222222222
0 0.62265625 0.311111111111 0.0421875 0.1125
0 0.3640625 0.380555555556 0.03203125 0.130555555556
1 0.09453125 0.355555555556 0.0328125 0.1
0 0.8546875 0.441666666667 0.0328125 0.141666666667
0 0.0171875 0.370833333333 0.03515625 0.122222222222
0 0.46171875 0.573611111111 0.0390625 0.130555555556
