1 0.30546875 0.401388888889 0.0265625 0.104166666667
0 0.453125 0.269444444444 0.04765625 0.155555555556
0 0.2515625 0.498611111111 0.0359375 0.115277777778
0 0.55234375 0.234722222222 0.03125 0.0958333333333
0 0.125 0.206944444444 0.04453125 0.154166666667
1 0.2625 0.243055555556 0.03828125 0.138888888889
0 0.13046875 0.261111111111 0.0328125 0.0666666666667
0 0.7390625 0.590277777778 0.04609375 0.154166666667
0 0.8453125 0.329166666667 0.03515625 0.118055555556
1 0.0609375 0.369444444444 0.034375 0.143055555556
1 0.1078125 0.259722222222 0.02734375 0.108333333333
0 0.07890625 0.208333333333 0.03359375 0.108333333333
1 0.4578125 0.280555555556 0.0390625 0.140277777778
