1 0.40078125 0.447222222222 0.02734375 0.109722222222
0 0.55625 0.270833333333 0.0578125 0.188888888889
0 0.49140625 0.490277777778 0.0296875 0.0944444444444
0 0.6390625 0.201388888889 0.03125 0.0958333333333
0 0.20859375 0.168055555556 0.046875 0.161111111111
1 0.3609375 0.194444444444 0.0421875 0.152777777778
0 0.20625 0.265277777778 0.0359375 0.0736111111111
0 0.68671875 0.565277777778 0.053125 0.177777777778
0 0.93359375 0.333333333333 0.03515625 0.118055555556
1 0.17421875 0.4 0.034375 0.143055555556
1 0.184375 0.229166666667 0.0265625 0.102777777778
0 0.17890625 0.198611111111 0.03359375 0.108333333333
1 0.54921875 0.320833333333 0.03515625 0.127777777778
1 0.1046875 0.336111111111 0.03359375 0.108333333333
