0 0.41484375 0.379166666667 0.02421875 0.0833333333333
1 0.52265625 0.383333333333 0.02734375 0.109722222222
0 0.65546875 0.345833333333 0.02890625 0.0958333333333
1 0.40546875 0.322222222222 0.040625 0.136111111111
1 0.653125 0.336111111111 0.028125 0.1125
1 0.2984375 0.394444444444 0.02578125 0.120833333333
0 0.49921875 0.495833333333 0.034375 0.109722222222
1 0.32890625 0.356944444444 0.01953125 0.0805555555556
0 0.27734375 0.293055555556 0.0328125 0.0888888888889
0 0.4203125 0.404166666667 0.01796875 0.0541666666667
1 0.4125 0.316666666667 0.0296875 0.0861111111111
1 0.13671875 0.281944444444 0.03359375 0.109722222222
0 0.865625 0.302777777778 0.0359375 0.109722222222
