0 0.52578125 0.344444444444 0.02578125 0.0875
1 0.68984375 0.380555555556 0.02734375 0.109722222222
0 0.878125 0.361111111111 0.03046875 0.1
1 0.58203125 0.331944444444 0.02890625 0.0958333333333
1 0.8796875 0.35 0.028125 0.1125
1 0.4328125 0.388888888889 0.0265625 0.127777777778
0 0.715625 0.495833333333 0.0359375 0.115277777778
1 0.51171875 0.345833333333 0.01953125 0.0805555555556
0 0.0640625 0.844444444444 0.05234375 0.108333333333
0 0.43984375 0.293055555556 0.034375 0.0930555555556
0 0.22265625 0.347222222222 0.02890625 0.105555555556
1 0.18671875 0.327777777778 0.02734375 0.111111111111
1 0.12890625 0.398611111111 0.03359375 0.113888888889
1 0.04921875 0.518055555556 0.04296875 0.125
0 0.56171875 0.334722222222 0.0296875 0.0888888888889
1 0.54140625 0.319444444444 0.028125 0.0819444444444
1 0.38515625 0.286111111111 0.03203125 0.104166666667
