0 0.34609375 0.388888888889 0.02578125 0.0875
1 0.50390625 0.338888888889 0.02890625 0.0944444444444
1 0.67265625 0.434722222222 0.02578125 0.104166666667
0 0.51796875 0.329166666667 0.0328125 0.123611111111
0 0.7640625 0.404166666667 0.03046875 0.1
1 0.68671875 0.345833333333 0.02578125 0.0875
0 0.91328125 0.334722222222 0.02890625 0.0958333333333
1 0.85390625 0.386111111111 0.02421875 0.0972222222222
1 0.26875 0.448611111111 0.02421875 0.115277777778
0 0.56875 0.576388888889 0.03828125 0.120833333333
1 0.28984375 0.401388888889 0.0234375 0.0972222222222
0 0.09296875 0.894444444444 0.05 0.102777777778
0 0.1546875 0.311111111111 0.03125 0.0847222222222
1 0.12421875 0.327777777778 0.025 0.0680555555556
0 0.0625 0.375 0.02734375 0.1
1 0.028125 0.377777777778 0.02421875 0.1
1 0.01484375 0.459722222222 0.03359375 0.113888888889
