1 0.36015625 0.409722222222 0.02890625 0.115277777778
0 0.51796875 0.261111111111 0.0546875 0.180555555556
0 0.38828125 0.479166666667 0.0328125 0.104166666667
0 0.596875 0.219444444444 0.03125 0.0958333333333
0 0.16328125 0.211111111111 0.046875 0.161111111111
1 0.31484375 0.209722222222 0.0421875 0.152777777778
0 0.175 0.261111111111 0.0328125 0.0666666666667
0 0.7109375 0.580555555556 0.053125 0.177777777778
0 0.903125 0.316666666667 0.03515625 0.118055555556
1 0.13359375 0.373611111111 0.034375 0.143055555556
1 0.16015625 0.230555555556 0.03203125 0.125
0 0.1359375 0.1875 0.03203125 0.102777777778
1 0.509375 0.302777777778 0.0390625 0.140277777778
1 0.05625 0.325 0.03359375 0.108333333333
