1 0.48828125 0.4625 0.0359375 0.15
0 0.3765625 0.361111111111 0.0703125 0.201388888889
1 0.63125 0.355555555556 0.0453125 0.136111111111
0 0.63671875 0.355555555556 0.03515625 0.101388888889
1 0.44921875 0.386111111111 0.04921875 0.106944444444
1 0.2203125 0.465277777778 0.04921875 0.156944444444
0 0.23359375 0.529166666667 0.0546875 0.179166666667
1 0.5625 0.302777777778 0.05546875 0.181944444444
0 0.6625 0.306944444444 0.0453125 0.130555555556
0 0.45 0.5125 0.04375 0.129166666667
1 0.88046875 0.395833333333 0.0546875 0.138888888889
0 0.4125 0.383333333333 0.034375 0.140277777778
