1 0.3390625 0.386111111111 0.02890625 0.115277777778
0 0.4609375 0.306944444444 0.03359375 0.111111111111
0 0.259375 0.486111111111 0.034375 0.109722222222
0 0.66015625 0.277777777778 0.0296875 0.0902777777778
0 0.2359375 0.268055555556 0.02734375 0.0944444444444
1 0.28984375 0.298611111111 0.034375 0.125
0 0.20390625 0.327777777778 0.0375 0.0777777777778
0 0.8203125 0.566666666667 0.05625 0.1875
0 0.884375 0.363888888889 0.0390625 0.130555555556
1 0.08125 0.363888888889 0.0359375 0.15
1 0.03046875 0.331944444444 0.028125 0.111111111111
1 0.09375 0.302777777778 0.02890625 0.113888888889
0 0.1140625 0.254166666667 0.03515625 0.113888888889
1 0.4546875 0.297222222222 0.0390625 0.140277777778
