1 0.4203125 0.580555555556 0.03203125 0.127777777778
0 0.4828125 0.629166666667 0.0484375 0.161111111111
1 0.26953125 0.526388888889 0.034375 0.143055555556
1 0.525 0.458333333333 0.03203125 0.115277777778
0 0.22578125 0.331944444444 0.01875 0.0902777777778
0 0.0359375 0.25 0.025 0.0819444444444
1 0.34921875 0.368055555556 0.040625 0.115277777778
0 0.5765625 0.319444444444 0.04453125 0.118055555556
0 0.3234375 0.419444444444 0.03046875 0.123611111111
1 0.08203125 0.355555555556 0.03125 0.0958333333333
0 0.8109375 0.448611111111 0.03125 0.134722222222
0 0.3890625 0.576388888889 0.0296875 0.125
