1 0.76875 0.486111111111 0.034375 0.143055555556
0 0.5921875 0.368055555556 0.0453125 0.129166666667
1 0.59375 0.381944444444 0.03984375 0.101388888889
1 0.74765625 0.381944444444 0.05234375 0.158333333333
0 0.75234375 0.366666666667 0.04453125 0.129166666667
1 0.6171875 0.413888888889 0.04453125 0.0972222222222
1 0.45859375 0.463888888889 0.0421875 0.136111111111
0 0.465625 0.640277777778 0.05703125 0.1875
1 0.71328125 0.359722222222 0.0390625 0.129166666667
0 0.903125 0.319444444444 0.04765625 0.1375
