1 0.4578125 0.458333333333 0.0359375 0.15
0 0.35546875 0.391666666667 0.0578125 0.165277777778
1 0.66796875 0.356944444444 0.0453125 0.136111111111
0 0.67109375 0.351388888889 0.03359375 0.0958333333333
1 0.465625 0.398611111111 0.046875 0.101388888889
1 0.221875 0.470833333333 0.04453125 0.143055555556
0 0.2421875 0.527777777778 0.05703125 0.1875
1 0.5890625 0.306944444444 0.05 0.165277777778
0 0.69765625 0.294444444444 0.0546875 0.159722222222
0 0.40390625 0.470833333333 0.03984375 0.118055555556
1 0.91796875 0.393055555556 0.0546875 0.138888888889
0 0.39921875 0.405555555556 0.0359375 0.147222222222
1 0.94765625 0.506944444444 0.0421875 0.141666666667
