1 0.54453125 0.454166666667 0.0359375 0.15
0 0.415625 0.366666666667 0.0578125 0.165277777778
1 0.48359375 0.380555555556 0.03828125 0.0972222222222
1 0.62265625 0.352777777778 0.04296875 0.130555555556
0 0.61953125 0.330555555556 0.046875 0.136111111111
1 0.478125 0.379166666667 0.04921875 0.106944444444
1 0.27421875 0.468055555556 0.04453125 0.143055555556
0 0.2765625 0.536111111111 0.0515625 0.169444444444
1 0.54140625 0.301388888889 0.0578125 0.191666666667
0 0.68125 0.304166666667 0.04296875 0.125
0 0.5765625 0.498611111111 0.0484375 0.143055555556
1 0.9234375 0.386111111111 0.0546875 0.138888888889
