0 0.265625 0.4125 0.02578125 0.0875
1 0.40625 0.365277777778 0.0265625 0.0861111111111
1 0.6125 0.461111111111 0.02578125 0.104166666667
0 0.478125 0.341666666667 0.0296875 0.1125
0 0.70390625 0.4 0.02890625 0.0958333333333
1 0.64375 0.347222222222 0.02265625 0.075
0 0.803125 0.336111111111 0.0265625 0.0875
1 0.8015625 0.395833333333 0.02265625 0.0888888888889
1 0.19375 0.470833333333 0.0234375 0.109722222222
0 0.45078125 0.594444444444 0.034375 0.109722222222
1 0.18671875 0.420833333333 0.0234375 0.0972222222222
0 0.03125 0.890277777778 0.05234375 0.108333333333
0 0.0203125 0.320833333333 0.028125 0.0763888888889
