0 0.4328125 0.381944444444 0.0234375 0.0805555555556
1 0.540625 0.386111111111 0.02734375 0.109722222222
0 0.67109375 0.352777777778 0.02890625 0.0958333333333
1 0.41953125 0.318055555556 0.040625 0.136111111111
1 0.66875 0.341666666667 0.028125 0.1125
1 0.31875 0.388888888889 0.02578125 0.120833333333
0 0.525 0.490277777778 0.034375 0.109722222222
1 0.3546875 0.352777777778 0.01953125 0.0805555555556
0 0.296875 0.294444444444 0.0328125 0.0888888888889
0 0.03046875 0.344444444444 0.03515625 0.127777777778
1 0.01640625 0.340277777778 0.028125 0.116666666667
0 0.4390625 0.404166666667 0.01953125 0.0569444444444
1 0.42421875 0.311111111111 0.03125 0.0902777777778
1 0.16484375 0.284722222222 0.03359375 0.109722222222
0 0.871875 0.309722222222 0.034375 0.105555555556
