1 0.575 0.5625 0.02890625 0.115277777778
0 0.8953125 0.625 0.05078125 0.169444444444
1 0.3328125 0.506944444444 0.0328125 0.136111111111
1 0.73359375 0.434722222222 0.03203125 0.115277777778
0 0.465625 0.302777777778 0.02265625 0.109722222222
0 0.096875 0.290277777778 0.028125 0.0902777777778
1 0.5609375 0.331944444444 0.03359375 0.0958333333333
0 0.6265625 0.338888888889 0.02890625 0.075
0 0.53671875 0.408333333333 0.03671875 0.15
1 0.37421875 0.340277777778 0.028125 0.0875
0 0.39375 0.580555555556 0.028125 0.119444444444
1 0.2046875 0.408333333333 0.0296875 0.119444444444
1 0.0671875 0.306944444444 0.03203125 0.0902777777778
0 0.08125 0.384722222222 0.03359375 0.104166666667
1 0.02421875 0.380555555556 0.03203125 0.1125
