0 0.20625 0.418055555556 0.0265625 0.0930555555556
1 0.30546875 0.373611111111 0.02890625 0.0944444444444
1 0.56015625 0.466666666667 0.03203125 0.126388888889
0 0.44375 0.347222222222 0.02734375 0.102777777778
0 0.65546875 0.405555555556 0.03046875 0.1
1 0.60625 0.35 0.02265625 0.075
0 0.72265625 0.334722222222 0.02734375 0.0916666666667
1 0.75625 0.395833333333 0.0234375 0.0930555555556
1 0.14296875 0.479166666667 0.02421875 0.115277777778
0 0.34296875 0.602777777778 0.03984375 0.126388888889
1 0.11015625 0.429166666667 0.0234375 0.0972222222222
