0 0.13984375 0.431944444444 0.0265625 0.0930555555556
1 0.20546875 0.395833333333 0.02734375 0.0902777777778
1 0.503125 0.490277777778 0.02734375 0.109722222222
0 0.4 0.370833333333 0.0234375 0.0875
0 0.5921875 0.427777777778 0.02890625 0.0958333333333
1 0.55546875 0.352777777778 0.0234375 0.0791666666667
0 0.63359375 0.343055555556 0.02734375 0.0916666666667
1 0.69296875 0.4125 0.0234375 0.0930555555556
1 0.08125 0.501388888889 0.02421875 0.115277777778
0 0.215625 0.611111111111 0.03828125 0.120833333333
1 0.03125 0.451388888889 0.02265625 0.0930555555556
