1 0.29765625 0.393055555556 0.02734375 0.109722222222
0 0.4359375 0.288888888889 0.040625 0.134722222222
0 0.228125 0.501388888889 0.0328125 0.104166666667
0 0.55 0.252777777778 0.0296875 0.0902777777778
0 0.125 0.231944444444 0.03671875 0.126388888889
1 0.25078125 0.261111111111 0.034375 0.125
0 0.1296875 0.272222222222 0.0328125 0.0666666666667
0 0.7421875 0.575 0.05078125 0.169444444444
0 0.8234375 0.341666666667 0.03671875 0.123611111111
1 0.04296875 0.370833333333 0.0359375 0.15
1 0.0859375 0.270833333333 0.02734375 0.108333333333
0 0.06953125 0.227777777778 0.03359375 0.108333333333
1 0.43359375 0.286111111111 0.040625 0.148611111111
