1 0.5859375 0.605555555556 0.02890625 0.115277777778
0 0.77734375 0.530555555556 0.0296875 0.0944444444444
0 0.70078125 0.634722222222 0.0484375 0.161111111111
1 0.38359375 0.490277777778 0.028125 0.118055555556
1 0.715625 0.386111111111 0.03046875 0.109722222222
1 0.2390625 0.369444444444 0.02890625 0.0944444444444
1 0.19140625 0.284722222222 0.025 0.0930555555556
0 0.39921875 0.283333333333 0.02265625 0.109722222222
0 0.3515625 0.198611111111 0.025 0.0819444444444
1 0.5203125 0.325 0.03359375 0.0958333333333
1 0.090625 0.366666666667 0.04375 0.105555555556
0 0.890625 0.272222222222 0.04453125 0.118055555556
0 0.66484375 0.3375 0.02734375 0.1125
0 0.028125 0.404166666667 0.03203125 0.0986111111111
0 0.33046875 0.305555555556 0.02734375 0.0986111111111
1 0.32734375 0.293055555556 0.0328125 0.1
0 0.06875 0.770833333333 0.0546875 0.180555555556
