0 0.134375 0.430555555556 0.028125 0.0972222222222
1 0.19765625 0.4 0.02734375 0.0902777777778
1 0.49765625 0.491666666667 0.02734375 0.109722222222
0 0.396875 0.368055555556 0.02421875 0.0930555555556
0 0.58671875 0.429166666667 0.03046875 0.1
1 0.5515625 0.354166666667 0.0234375 0.0791666666667
0 0.6265625 0.345833333333 0.0265625 0.0875
1 0.68671875 0.416666666667 0.02265625 0.0888888888889
1 0.078125 0.506944444444 0.0234375 0.109722222222
0 0.20546875 0.606944444444 0.03828125 0.120833333333
1 0.025 0.454166666667 0.02265625 0.0930555555556
