1 0.49453125 0.451388888889 0.03828125 0.158333333333
0 0.38515625 0.368055555556 0.06640625 0.191666666667
1 0.6265625 0.351388888889 0.0453125 0.136111111111
0 0.63046875 0.3625 0.03515625 0.101388888889
1 0.45 0.3875 0.04921875 0.106944444444
1 0.2265625 0.470833333333 0.04921875 0.156944444444
0 0.2390625 0.530555555556 0.0546875 0.179166666667
1 0.5546875 0.3 0.05546875 0.181944444444
0 0.665625 0.304166666667 0.0453125 0.130555555556
0 0.471875 0.511111111111 0.04609375 0.136111111111
1 0.88046875 0.397222222222 0.0578125 0.145833333333
0 0.41484375 0.379166666667 0.034375 0.140277777778
