1 0.5859375 0.461111111111 0.034375 0.143055555556
0 0.45390625 0.373611111111 0.05234375 0.15
1 0.5140625 0.379166666667 0.03828125 0.0972222222222
1 0.6390625 0.356944444444 0.04296875 0.130555555556
0 0.63828125 0.348611111111 0.03828125 0.111111111111
1 0.51015625 0.376388888889 0.046875 0.101388888889
1 0.3265625 0.472222222222 0.0421875 0.136111111111
0 0.31484375 0.573611111111 0.0546875 0.179166666667
1 0.54765625 0.336111111111 0.0609375 0.201388888889
0 0.71484375 0.305555555556 0.040625 0.119444444444
0 0.66875 0.513888888889 0.0484375 0.143055555556
