1 0.7984375 0.498611111111 0.034375 0.143055555556
0 0.696875 0.316666666667 0.03203125 0.104166666667
0 0.31796875 0.363888888889 0.04296875 0.123611111111
1 0.3078125 0.380555555556 0.0421875 0.106944444444
1 0.696875 0.376388888889 0.05234375 0.158333333333
0 0.68828125 0.327777777778 0.0421875 0.123611111111
1 0.603125 0.301388888889 0.053125 0.129166666667
1 0.5140625 0.3625 0.04921875 0.106944444444
1 0.25703125 0.545833333333 0.0421875 0.136111111111
0 0.2625 0.8 0.06015625 0.197222222222
