1 0.49296875 0.593055555556 0.03359375 0.133333333333
0 0.54609375 0.623611111111 0.028125 0.0902777777778
0 0.5375 0.6 0.0484375 0.161111111111
1 0.31875 0.534722222222 0.03125 0.129166666667
1 0.5640625 0.454166666667 0.03515625 0.127777777778
1 0.01171875 0.455555555556 0.03203125 0.104166666667
1 0.03515625 0.319444444444 0.0234375 0.0888888888889
0 0.26796875 0.345833333333 0.0171875 0.0819444444444
0 0.1265625 0.238888888889 0.0265625 0.0861111111111
1 0.39765625 0.393055555556 0.040625 0.115277777778
0 0.68203125 0.319444444444 0.04453125 0.118055555556
0 0.41015625 0.4 0.02890625 0.118055555556
1 0.12734375 0.345833333333 0.034375 0.105555555556
0 0.91796875 0.431944444444 0.0328125 0.141666666667
0 0.07578125 0.3625 0.03515625 0.122222222222
