1 0.37578125 0.3875 0.02890625 0.115277777778
0 0.49609375 0.320833333333 0.03203125 0.105555555556
0 0.29375 0.481944444444 0.034375 0.109722222222
0 0.71640625 0.275 0.03125 0.0958333333333
0 0.271875 0.276388888889 0.02578125 0.0902777777778
1 0.31875 0.298611111111 0.0359375 0.131944444444
0 0.24375 0.348611111111 0.0375 0.0777777777778
0 0.85703125 0.573611111111 0.053125 0.177777777778
0 0.92265625 0.365277777778 0.0390625 0.130555555556
1 0.12109375 0.379166666667 0.0328125 0.136111111111
1 0.0796875 0.333333333333 0.03125 0.122222222222
1 0.128125 0.311111111111 0.02890625 0.113888888889
0 0.15078125 0.261111111111 0.03515625 0.113888888889
1 0.48359375 0.309722222222 0.03671875 0.134722222222
