1 0.346875 0.379166666667 0.02890625 0.115277777778
0 0.46796875 0.309722222222 0.03359375 0.111111111111
0 0.2671875 0.481944444444 0.034375 0.109722222222
0 0.6734375 0.273611111111 0.03125 0.0958333333333
0 0.24609375 0.269444444444 0.02734375 0.0944444444444
1 0.29609375 0.298611111111 0.034375 0.125
0 0.2125 0.334722222222 0.03984375 0.0805555555556
0 0.828125 0.568055555556 0.05625 0.1875
0 0.89296875 0.3625 0.0390625 0.130555555556
1 0.0890625 0.365277777778 0.034375 0.143055555556
1 0.04140625 0.334722222222 0.028125 0.111111111111
1 0.1 0.305555555556 0.02890625 0.113888888889
0 0.12265625 0.255555555556 0.03515625 0.113888888889
1 0.46015625 0.298611111111 0.0390625 0.140277777778
