1 0.7515625 0.4875 0.034375 0.143055555556
0 0.58671875 0.366666666667 0.0453125 0.129166666667
1 0.58828125 0.386111111111 0.03828125 0.0972222222222
1 0.7359375 0.388888888889 0.05 0.151388888889
0 0.73671875 0.381944444444 0.04453125 0.129166666667
1 0.60703125 0.415277777778 0.04453125 0.0972222222222
1 0.45234375 0.468055555556 0.0421875 0.136111111111
0 0.4546875 0.634722222222 0.05703125 0.1875
1 0.7015625 0.358333333333 0.04140625 0.136111111111
0 0.89375 0.318055555556 0.04765625 0.1375
