1 0.5640625 0.4625 0.034375 0.143055555556
0 0.4328125 0.3625 0.0546875 0.158333333333
1 0.49921875 0.376388888889 0.03828125 0.0972222222222
1 0.62890625 0.358333333333 0.040625 0.123611111111
0 0.62734375 0.341666666667 0.0421875 0.123611111111
1 0.49375 0.372222222222 0.04921875 0.106944444444
1 0.2984375 0.465277777778 0.04453125 0.143055555556
0 0.29609375 0.556944444444 0.0546875 0.179166666667
1 0.54140625 0.305555555556 0.0578125 0.191666666667
0 0.6953125 0.306944444444 0.040625 0.119444444444
0 0.6234375 0.506944444444 0.0484375 0.143055555556
