0 0.53515625 0.343055555556 0.02421875 0.0833333333333
1 0.69140625 0.379166666667 0.02578125 0.104166666667
0 0.87890625 0.354166666667 0.03046875 0.1
1 0.584375 0.327777777778 0.02890625 0.0958333333333
1 0.88046875 0.347222222222 0.028125 0.1125
1 0.44296875 0.384722222222 0.0265625 0.127777777778
0 0.71953125 0.493055555556 0.0359375 0.115277777778
1 0.52578125 0.343055555556 0.0203125 0.0847222222222
0 0.06171875 0.840277777778 0.05 0.102777777778
0 0.446875 0.290277777778 0.034375 0.0930555555556
0 0.2265625 0.341666666667 0.02890625 0.105555555556
1 0.19140625 0.325 0.02734375 0.111111111111
1 0.134375 0.394444444444 0.03359375 0.113888888889
1 0.05625 0.518055555556 0.04296875 0.125
0 0.56484375 0.341666666667 0.028125 0.0847222222222
1 0.55 0.322222222222 0.0296875 0.0861111111111
1 0.3875 0.284722222222 0.03203125 0.104166666667
