1 0.7421875 0.483333333333 0.034375 0.143055555556
0 0.58359375 0.365277777778 0.0453125 0.129166666667
1 0.5859375 0.381944444444 0.03828125 0.0972222222222
1 0.72734375 0.380555555556 0.05 0.151388888889
0 0.72890625 0.381944444444 0.04453125 0.129166666667
1 0.60078125 0.416666666667 0.04453125 0.0972222222222
1 0.44765625 0.463888888889 0.0421875 0.136111111111
0 0.44765625 0.6375 0.05703125 0.1875
1 0.69375 0.354166666667 0.04375 0.143055555556
0 0.88359375 0.313888888889 0.05 0.144444444444
