1 0.40234375 0.559722222222 0.03203125 0.127777777778
0 0.5234375 0.630555555556 0.04609375 0.152777777778
1 0.2546875 0.511111111111 0.0328125 0.136111111111
1 0.5484375 0.440277777778 0.03515625 0.127777777778
0 0.23828125 0.313888888889 0.02109375 0.0986111111111
0 0.00234375 0.261111111111 0.025 0.0819444444444
1 0.3671875 0.366666666667 0.03671875 0.105555555556
0 0.53359375 0.3125 0.0421875 0.1125
0 0.30625 0.419444444444 0.03046875 0.123611111111
1 0.103125 0.3625 0.03125 0.0958333333333
0 0.778125 0.45 0.028125 0.122222222222
0 0.2875 0.584722222222 0.02734375 0.113888888889
1 0.0140625 0.452777777778 0.0328125 0.131944444444
