1 0.3 0.395833333333 0.0265625 0.104166666667
0 0.44375 0.283333333333 0.040625 0.134722222222
0 0.2359375 0.5 0.0328125 0.104166666667
0 0.54765625 0.244444444444 0.0296875 0.0902777777778
0 0.12265625 0.213888888889 0.03828125 0.133333333333
1 0.2546875 0.261111111111 0.034375 0.125
0 0.12578125 0.261111111111 0.034375 0.0694444444444
0 0.73984375 0.568055555556 0.05078125 0.169444444444
0 0.828125 0.330555555556 0.0390625 0.130555555556
1 0.0484375 0.365277777778 0.0359375 0.15
1 0.0921875 0.265277777778 0.02734375 0.108333333333
0 0.06953125 0.213888888889 0.03515625 0.113888888889
1 0.4421875 0.281944444444 0.040625 0.148611111111
