1 0.41328125 0.563888888889 0.03203125 0.127777777778
0 0.56328125 0.631944444444 0.04609375 0.152777777778
1 0.26328125 0.515277777778 0.0328125 0.136111111111
1 0.5671875 0.440277777778 0.0390625 0.140277777778
0 0.25390625 0.308333333333 0.02109375 0.0986111111111
0 0.0140625 0.268055555556 0.0265625 0.0861111111111
1 0.3953125 0.375 0.03515625 0.1
0 0.546875 0.326388888889 0.04453125 0.118055555556
0 0.321875 0.436111111111 0.03203125 0.130555555556
1 0.13125 0.369444444444 0.0328125 0.1
0 0.80546875 0.4625 0.03125 0.134722222222
0 0.28359375 0.583333333333 0.0296875 0.125
1 0.04921875 0.459722222222 0.034375 0.138888888889
