1 0.546875 0.565277777778 0.02890625 0.115277777778
0 0.753125 0.497222222222 0.02734375 0.0861111111111
0 0.6828125 0.645833333333 0.04609375 0.152777777778
1 0.3515625 0.456944444444 0.0296875 0.123611111111
1 0.71171875 0.351388888889 0.02890625 0.104166666667
1 0.25390625 0.351388888889 0.03046875 0.0986111111111
1 0.19296875 0.259722222222 0.0234375 0.0888888888889
0 0.390625 0.256944444444 0.0265625 0.126388888889
0 0.3515625 0.1875 0.025 0.0819444444444
1 0.5109375 0.298611111111 0.03203125 0.0902777777778
1 0.09296875 0.341666666667 0.04140625 0.1
0 0.87421875 0.255555555556 0.03671875 0.0972222222222
0 0.6765625 0.305555555556 0.03046875 0.123611111111
0 0.034375 0.372222222222 0.0359375 0.108333333333
0 0.34375 0.291666666667 0.02421875 0.0902777777778
1 0.334375 0.265277777778 0.0328125 0.1
