0 0.1890625 0.416666666667 0.0265625 0.0930555555556
1 0.27890625 0.379166666667 0.02890625 0.0944444444444
1 0.546875 0.473611111111 0.03046875 0.120833333333
0 0.43125 0.352777777778 0.02734375 0.102777777778
0 0.64140625 0.411111111111 0.03046875 0.1
1 0.59296875 0.344444444444 0.0234375 0.0791666666667
0 0.7 0.336111111111 0.02734375 0.0916666666667
1 0.74140625 0.404166666667 0.0234375 0.0930555555556
1 0.1296875 0.486111111111 0.02421875 0.115277777778
0 0.31171875 0.604166666667 0.03828125 0.120833333333
1 0.0890625 0.434722222222 0.02265625 0.0930555555556
