1 0.39375 0.380555555556 0.03203125 0.126388888889
0 0.51640625 0.326388888889 0.03359375 0.111111111111
0 0.32265625 0.479166666667 0.0359375 0.115277777778
0 0.75625 0.279166666667 0.03125 0.0958333333333
0 0.29140625 0.284722222222 0.02578125 0.0902777777778
1 0.33671875 0.308333333333 0.0359375 0.131944444444
0 0.2703125 0.365277777778 0.0359375 0.0736111111111
0 0.878125 0.568055555556 0.053125 0.177777777778
0 0.94765625 0.375 0.03671875 0.123611111111
1 0.153125 0.381944444444 0.0328125 0.136111111111
1 0.1203125 0.331944444444 0.03125 0.122222222222
1 0.15703125 0.320833333333 0.02890625 0.113888888889
0 0.17578125 0.269444444444 0.03515625 0.113888888889
1 0.5015625 0.322222222222 0.03515625 0.127777777778
