1 0.30703125 0.398611111111 0.02734375 0.109722222222
0 0.4546875 0.268055555556 0.04765625 0.155555555556
0 0.25546875 0.5 0.0359375 0.115277777778
0 0.5515625 0.231944444444 0.03125 0.0958333333333
0 0.12421875 0.205555555556 0.04453125 0.154166666667
1 0.2625 0.240277777778 0.03984375 0.145833333333
0 0.13203125 0.263888888889 0.0328125 0.0666666666667
0 0.7375 0.591666666667 0.0484375 0.161111111111
0 0.846875 0.330555555556 0.03515625 0.118055555556
1 0.06328125 0.372222222222 0.0328125 0.136111111111
1 0.1109375 0.254166666667 0.02734375 0.108333333333
0 0.08046875 0.202777777778 0.03359375 0.108333333333
1 0.45703125 0.279166666667 0.040625 0.148611111111
