0 0.5484375 0.348611111111 0.02421875 0.0833333333333
1 0.66640625 0.370833333333 0.02734375 0.109722222222
0 0.83515625 0.35 0.03046875 0.1
1 0.553125 0.327777777778 0.03515625 0.116666666667
1 0.8359375 0.340277777778 0.028125 0.1125
1 0.4390625 0.376388888889 0.02578125 0.120833333333
0 0.6890625 0.488888888889 0.034375 0.109722222222
1 0.5296875 0.35 0.01953125 0.0805555555556
0 0.015625 0.827777777778 0.05 0.102777777778
0 0.4328125 0.291666666667 0.034375 0.0930555555556
0 0.1984375 0.343055555556 0.03046875 0.109722222222
1 0.17109375 0.330555555556 0.02734375 0.111111111111
1 0.1140625 0.390277777778 0.03359375 0.113888888889
1 0.05078125 0.533333333333 0.040625 0.119444444444
0 0.546875 0.348611111111 0.028125 0.0847222222222
1 0.5390625 0.315277777778 0.03125 0.0902777777778
1 0.36484375 0.2875 0.03203125 0.104166666667
0 0.95546875 0.313888888889 0.0328125 0.1
