1 0.4125 0.384722222222 0.03046875 0.120833333333
0 0.5421875 0.334722222222 0.03203125 0.105555555556
0 0.3546875 0.488888888889 0.034375 0.109722222222
0 0.78359375 0.291666666667 0.0328125 0.1
0 0.30625 0.293055555556 0.02734375 0.0944444444444
1 0.35234375 0.318055555556 0.034375 0.125
0 0.29453125 0.375 0.0359375 0.0736111111111
0 0.9 0.579166666667 0.053125 0.177777777778
0 0.959375 0.376388888889 0.03515625 0.118055555556
1 0.1875 0.390277777778 0.03125 0.129166666667
1 0.15703125 0.354166666667 0.03125 0.122222222222
1 0.18828125 0.330555555556 0.02890625 0.113888888889
0 0.18984375 0.284722222222 0.03515625 0.113888888889
1 0.52265625 0.334722222222 0.03359375 0.122222222222
