1 0.53984375 0.447222222222 0.03828125 0.158333333333
0 0.41484375 0.365277777778 0.0578125 0.165277777778
1 0.62265625 0.35 0.04296875 0.130555555556
0 0.61953125 0.336111111111 0.04453125 0.129166666667
1 0.4765625 0.379166666667 0.04921875 0.106944444444
1 0.27109375 0.466666666667 0.04453125 0.143055555556
0 0.27265625 0.533333333333 0.0515625 0.169444444444
1 0.53984375 0.301388888889 0.0578125 0.191666666667
0 0.67734375 0.301388888889 0.0453125 0.130555555556
0 0.5703125 0.502777777778 0.04609375 0.136111111111
1 0.91796875 0.388888888889 0.0546875 0.138888888889
0 0.43515625 0.369444444444 0.0296875 0.120833333333
