1 0.67109375 0.4875 0.03828125 0.156944444444
0 0.48671875 0.286111111111 0.0359375 0.115277777778
0 0.21875 0.3625 0.04296875 0.123611111111
1 0.20078125 0.391666666667 0.04375 0.1125
0 0.865625 0.565277777778 0.0484375 0.148611111111
0 0.921875 0.293055555556 0.05234375 0.1625
1 0.846875 0.326388888889 0.06484375 0.127777777778
1 0.53359375 0.3625 0.05234375 0.158333333333
0 0.51875 0.331944444444 0.04453125 0.129166666667
1 0.42890625 0.293055555556 0.0484375 0.116666666667
1 0.37578125 0.345833333333 0.0546875 0.118055555556
1 0.1390625 0.541666666667 0.05078125 0.165277777778
0 0.0734375 0.809722222222 0.05703125 0.1875
