1 0.89375 0.476388888889 0.0359375 0.15
0 0.94453125 0.318055555556 0.02890625 0.0944444444444
0 0.54921875 0.333333333333 0.04296875 0.123611111111
1 0.5125 0.347222222222 0.04609375 0.118055555556
1 0.8421875 0.372222222222 0.0546875 0.166666666667
0 0.8375 0.355555555556 0.046875 0.136111111111
1 0.78984375 0.294444444444 0.05859375 0.141666666667
1 0.68984375 0.373611111111 0.04921875 0.106944444444
1 0.45 0.473611111111 0.04375 0.141666666667
0 0.4859375 0.691666666667 0.06015625 0.197222222222
