0 0.3015625 0.405555555556 0.0265625 0.0930555555556
1 0.459375 0.358333333333 0.025 0.0819444444444
1 0.6375 0.443055555556 0.02890625 0.115277777778
0 0.50390625 0.3375 0.028125 0.106944444444
0 0.7296875 0.395833333333 0.03046875 0.1
1 0.6640625 0.348611111111 0.025 0.0833333333333
0 0.8515625 0.338888888889 0.0265625 0.0875
1 0.82421875 0.391666666667 0.02421875 0.0972222222222
1 0.225 0.458333333333 0.02421875 0.115277777778
0 0.5109375 0.588888888889 0.0328125 0.104166666667
1 0.23203125 0.408333333333 0.025 0.102777777778
0 0.06015625 0.894444444444 0.05 0.102777777778
0 0.078125 0.318055555556 0.028125 0.0763888888889
1 0.0375 0.333333333333 0.02578125 0.0708333333333
0 0.0078125 0.393055555556 0.02734375 0.1
