1 0.39609375 0.438888888889 0.02734375 0.109722222222
0 0.55 0.261111111111 0.0578125 0.188888888889
0 0.46171875 0.484722222222 0.0296875 0.0944444444444
0 0.6296875 0.216666666667 0.0328125 0.1
0 0.196875 0.213888888889 0.046875 0.161111111111
1 0.35078125 0.194444444444 0.04375 0.159722222222
0 0.20234375 0.256944444444 0.034375 0.0694444444444
0 0.7 0.576388888889 0.05078125 0.169444444444
0 0.93046875 0.327777777778 0.03515625 0.118055555556
1 0.1671875 0.3875 0.034375 0.143055555556
1 0.18203125 0.245833333333 0.02734375 0.108333333333
0 0.175 0.2 0.03359375 0.108333333333
1 0.54375 0.309722222222 0.03515625 0.127777777778
1 0.09765625 0.329166666667 0.03359375 0.108333333333
