1 0.42421875 0.581944444444 0.03203125 0.127777777778
0 0.484375 0.629166666667 0.0484375 0.161111111111
1 0.27265625 0.527777777778 0.034375 0.143055555556
1 0.525 0.461111111111 0.03359375 0.120833333333
0 0.2265625 0.3375 0.01796875 0.0861111111111
0 0.040625 0.251388888889 0.025 0.0819444444444
1 0.353125 0.373611111111 0.040625 0.115277777778
0 0.5828125 0.315277777778 0.04453125 0.118055555556
0 0.328125 0.416666666667 0.03046875 0.123611111111
1 0.08125 0.361111111111 0.03125 0.0958333333333
0 0.81640625 0.448611111111 0.0328125 0.141666666667
0 0.48671875 0.619444444444 0.04296875 0.144444444444
