1 0.44921875 0.572222222222 0.03046875 0.120833333333
0 0.64453125 0.622222222222 0.0484375 0.161111111111
1 0.29140625 0.5125 0.03125 0.129166666667
1 0.60703125 0.443055555556 0.03359375 0.120833333333
0 0.29921875 0.3 0.02265625 0.109722222222
0 0.05 0.280555555556 0.0265625 0.0861111111111
1 0.4546875 0.363888888889 0.03671875 0.105555555556
0 0.578125 0.329166666667 0.03671875 0.0972222222222
0 0.3703125 0.433333333333 0.03359375 0.136111111111
1 0.19296875 0.361111111111 0.034375 0.105555555556
0 0.86328125 0.466666666667 0.03125 0.134722222222
0 0.309375 0.590277777778 0.028125 0.119444444444
1 0.10703125 0.447222222222 0.0328125 0.131944444444
1 0.01171875 0.316666666667 0.03671875 0.105555555556
