1 0.3859375 0.45 0.034375 0.143055555556
0 0.3453125 0.408333333333 0.0578125 0.165277777778
1 0.696875 0.355555555556 0.0453125 0.136111111111
1 0.47265625 0.416666666667 0.046875 0.101388888889
1 0.23203125 0.468055555556 0.03984375 0.129166666667
0 0.234375 0.5375 0.0515625 0.169444444444
1 0.6140625 0.313888888889 0.04765625 0.158333333333
0 0.3625 0.459722222222 0.04375 0.129166666667
1 0.946875 0.397222222222 0.05234375 0.131944444444
0 0.35078125 0.377777777778 0.04609375 0.1875
1 0.8703125 0.477777777778 0.04453125 0.148611111111
0 0.78515625 0.359722222222 0.040625 0.120833333333
0 0.67421875 0.326388888889 0.04453125 0.113888888889
