1 0.521875 0.520833333333 0.02890625 0.115277777778
0 0.7203125 0.479166666667 0.02578125 0.0819444444444
0 0.6703125 0.620833333333 0.04609375 0.152777777778
1 0.31953125 0.433333333333 0.028125 0.118055555556
1 0.6890625 0.3375 0.02890625 0.104166666667
1 0.24453125 0.334722222222 0.03046875 0.0986111111111
1 0.1734375 0.25 0.0234375 0.0888888888889
0 0.37109375 0.247222222222 0.025 0.120833333333
0 0.3171875 0.281944444444 0.03125 0.0833333333333
0 0.33046875 0.179166666667 0.025 0.0819444444444
1 0.31875 0.255555555556 0.0265625 0.0861111111111
1 0.4859375 0.280555555556 0.03359375 0.0958333333333
1 0.07890625 0.330555555556 0.0390625 0.0958333333333
0 0.83515625 0.2375 0.03828125 0.102777777778
0 0.66796875 0.279166666667 0.03203125 0.130555555556
0 0.01796875 0.354166666667 0.0375 0.113888888889
