1 0.378125 0.422222222222 0.02890625 0.115277777778
0 0.53359375 0.258333333333 0.0578125 0.188888888889
0 0.42265625 0.480555555556 0.03125 0.1
0 0.61484375 0.219444444444 0.03125 0.0958333333333
0 0.1765625 0.2125 0.046875 0.161111111111
1 0.33203125 0.223611111111 0.03984375 0.145833333333
0 0.1890625 0.2625 0.034375 0.0694444444444
0 0.70546875 0.573611111111 0.053125 0.177777777778
0 0.91640625 0.322222222222 0.03515625 0.118055555556
1 0.1515625 0.377777777778 0.034375 0.143055555556
1 0.17421875 0.243055555556 0.02890625 0.113888888889
0 0.16796875 0.209722222222 0.03203125 0.102777777778
1 0.52734375 0.304166666667 0.03671875 0.134722222222
1 0.0765625 0.315277777778 0.03515625 0.113888888889
