0 0.440625 0.370833333333 0.0265625 0.0930555555556
1 0.70234375 0.405555555556 0.02734375 0.109722222222
0 0.84765625 0.386111111111 0.03046875 0.1
1 0.65078125 0.3375 0.02890625 0.0958333333333
1 0.8953125 0.373611111111 0.02734375 0.108333333333
1 0.3609375 0.425 0.02421875 0.115277777778
0 0.67578125 0.5375 0.0359375 0.115277777778
1 0.3765625 0.369444444444 0.02265625 0.0930555555556
0 0.11484375 0.879166666667 0.0546875 0.113888888889
0 0.34609375 0.308333333333 0.0328125 0.0888888888889
0 0.17734375 0.355555555556 0.02578125 0.0958333333333
1 0.13828125 0.340277777778 0.02734375 0.111111111111
1 0.06484375 0.420833333333 0.03515625 0.119444444444
1 0.0046875 0.531944444444 0.040625 0.119444444444
0 0.5375 0.323611111111 0.0328125 0.0972222222222
1 0.5171875 0.315277777778 0.03125 0.0902777777778
1 0.3078125 0.306944444444 0.02734375 0.0902777777778
