1 0.55390625 0.602777777778 0.03359375 0.133333333333
0 0.64453125 0.576388888889 0.02734375 0.0861111111111
0 0.6109375 0.625 0.04609375 0.152777777778
1 0.3625 0.530555555556 0.03125 0.129166666667
1 0.61484375 0.4625 0.03046875 0.109722222222
1 0.084375 0.427777777778 0.03203125 0.104166666667
1 0.096875 0.311111111111 0.0265625 0.0972222222222
0 0.31328125 0.334722222222 0.01796875 0.0861111111111
0 0.209375 0.229166666667 0.025 0.0819444444444
1 0.4421875 0.372222222222 0.03671875 0.105555555556
1 -0.00078125 0.411111111111 0.04375 0.105555555556
0 0.765625 0.309722222222 0.04453125 0.118055555556
0 0.49453125 0.3875 0.02734375 0.1125
0 0.19375 0.334722222222 0.034375 0.126388888889
1 0.190625 0.333333333333 0.0359375 0.109722222222
