1 0.30234375 0.391666666667 0.02734375 0.109722222222
0 0.425 0.290277777778 0.040625 0.134722222222
0 0.22421875 0.495833333333 0.034375 0.109722222222
0 0.5609375 0.2625 0.028125 0.0861111111111
0 0.13671875 0.263888888889 0.03359375 0.115277777778
1 0.246875 0.272222222222 0.034375 0.125
0 0.13515625 0.293055555556 0.034375 0.0694444444444
0 0.75 0.569444444444 0.053125 0.177777777778
0 0.81640625 0.347222222222 0.0390625 0.130555555556
1 0.034375 0.372222222222 0.034375 0.143055555556
1 0.06875 0.281944444444 0.02734375 0.108333333333
0 0.06171875 0.234722222222 0.03515625 0.113888888889
1 0.4234375 0.290277777778 0.0390625 0.140277777778
