1 0.39375 0.434722222222 0.02734375 0.109722222222
0 0.5484375 0.261111111111 0.0578125 0.188888888889
0 0.45703125 0.484722222222 0.0296875 0.0944444444444
0 0.6296875 0.216666666667 0.0328125 0.1
0 0.19375 0.211111111111 0.046875 0.161111111111
1 0.35 0.194444444444 0.04375 0.159722222222
0 0.20078125 0.256944444444 0.034375 0.0694444444444
0 0.70234375 0.576388888889 0.05078125 0.169444444444
0 0.92890625 0.326388888889 0.03515625 0.118055555556
1 0.165625 0.384722222222 0.034375 0.143055555556
1 0.18203125 0.243055555556 0.02734375 0.108333333333
0 0.17578125 0.2 0.03359375 0.108333333333
1 0.54140625 0.3125 0.03515625 0.127777777778
1 0.0953125 0.327777777778 0.03359375 0.108333333333
