0 0.084375 0.451388888889 0.0296875 0.102777777778
1 0.12109375 0.427777777778 0.0265625 0.0861111111111
1 0.4296875 0.516666666667 0.02890625 0.115277777778
0 0.3640625 0.383333333333 0.02578125 0.0972222222222
0 0.5234375 0.441666666667 0.03046875 0.1
1 0.509375 0.361111111111 0.02578125 0.0875
0 0.5546875 0.356944444444 0.0234375 0.0791666666667
1 0.61640625 0.425 0.0234375 0.0930555555556
0 0.95625 0.701388888889 0.040625 0.138888888889
1 0.01171875 0.522222222222 0.02578125 0.120833333333
0 0.06328125 0.630555555556 0.034375 0.109722222222
