0 0.45390625 0.365277777778 0.0265625 0.0930555555556
1 0.69453125 0.395833333333 0.02734375 0.109722222222
0 0.859375 0.379166666667 0.03046875 0.1
1 0.6171875 0.331944444444 0.02734375 0.0916666666667
1 0.88828125 0.376388888889 0.02734375 0.108333333333
1 0.37578125 0.415277777778 0.02421875 0.115277777778
0 0.68515625 0.530555555556 0.03828125 0.120833333333
1 0.4078125 0.368055555556 0.02265625 0.0930555555556
0 0.09609375 0.879166666667 0.05234375 0.108333333333
0 0.37421875 0.306944444444 0.034375 0.0930555555556
0 0.18046875 0.348611111111 0.03046875 0.109722222222
1 0.146875 0.338888888889 0.02734375 0.111111111111
1 0.0734375 0.409722222222 0.03359375 0.113888888889
1 0.0 0.536111111111 0.040625 0.119444444444
0 0.54296875 0.320833333333 0.0328125 0.0972222222222
1 0.52265625 0.318055555556 0.0328125 0.0944444444444
1 0.34140625 0.304166666667 0.02734375 0.0902777777778
