0 0.56171875 0.352777777778 0.02421875 0.0833333333333
1 0.68671875 0.376388888889 0.02734375 0.109722222222
0 0.8671875 0.352777777778 0.03046875 0.1
1 0.5734375 0.343055555556 0.03203125 0.105555555556
1 0.865625 0.340277777778 0.0296875 0.119444444444
1 0.45234375 0.370833333333 0.0265625 0.127777777778
0 0.7140625 0.491666666667 0.0359375 0.115277777778
1 0.5484375 0.35 0.01953125 0.0805555555556
0 0.04375 0.830555555556 0.05 0.102777777778
0 0.45 0.290277777778 0.034375 0.0930555555556
0 0.221875 0.340277777778 0.03046875 0.109722222222
1 0.1921875 0.327777777778 0.02578125 0.105555555556
1 0.134375 0.395833333333 0.03359375 0.113888888889
1 0.06484375 0.522222222222 0.040625 0.119444444444
0 0.559375 0.352777777778 0.028125 0.0847222222222
1 0.5625 0.309722222222 0.03125 0.0902777777778
1 0.3859375 0.284722222222 0.03203125 0.104166666667
