1 0.4671875 0.476388888889 0.0265625 0.104166666667
0 0.6140625 0.240277777778 0.0578125 0.188888888889
0 0.63203125 0.459722222222 0.02578125 0.0819444444444
0 0.73984375 0.193055555556 0.03125 0.0958333333333
0 0.665625 0.604166666667 0.05078125 0.169444444444
1 0.2515625 0.397222222222 0.0328125 0.136111111111
1 0.62734375 0.306944444444 0.03046875 0.109722222222
1 0.19609375 0.326388888889 0.02734375 0.0888888888889
1 0.10546875 0.229166666667 0.02734375 0.102777777778
0 0.303125 0.233333333333 0.0265625 0.126388888889
0 0.2734375 0.275 0.0296875 0.0791666666667
0 0.26484375 0.180555555556 0.025 0.0819444444444
1 0.25703125 0.240277777778 0.0296875 0.0944444444444
1 0.425 0.261111111111 0.03515625 0.1
1 0.01328125 0.3125 0.04140625 0.1
