1 0.39140625 0.438888888889 0.0359375 0.15
0 0.34375 0.397222222222 0.0578125 0.165277777778
1 0.696875 0.352777777778 0.04765625 0.143055555556
1 0.47734375 0.408333333333 0.046875 0.101388888889
1 0.23046875 0.466666666667 0.0421875 0.136111111111
0 0.23515625 0.536111111111 0.0515625 0.169444444444
1 0.61328125 0.305555555556 0.05 0.165277777778
0 0.3640625 0.463888888889 0.0421875 0.123611111111
1 0.94765625 0.3875 0.05234375 0.131944444444
0 0.3546875 0.3875 0.04609375 0.1875
1 0.88359375 0.470833333333 0.04453125 0.148611111111
0 0.78125 0.366666666667 0.040625 0.120833333333
0 0.68203125 0.323611111111 0.04453125 0.113888888889
