1 0.4953125 0.5625 0.03046875 0.120833333333
0 0.74765625 0.631944444444 0.04609375 0.152777777778
1 0.31796875 0.511111111111 0.03125 0.129166666667
1 0.659375 0.433333333333 0.03359375 0.120833333333
0 0.365625 0.301388888889 0.02265625 0.109722222222
0 0.075 0.280555555556 0.02734375 0.0902777777778
1 0.51640625 0.351388888889 0.03515625 0.1
0 0.59140625 0.322222222222 0.03359375 0.0875
0 0.4328125 0.420833333333 0.03671875 0.15
1 0.27265625 0.351388888889 0.03125 0.0958333333333
0 0.93515625 0.465277777778 0.03125 0.134722222222
0 0.35 0.588888888889 0.028125 0.119444444444
1 0.15 0.420833333333 0.0328125 0.131944444444
1 0.04609375 0.3125 0.03515625 0.1
0 0.0296875 0.393055555556 0.03515625 0.109722222222
