1 0.509375 0.504166666667 0.02890625 0.115277777778
0 0.69453125 0.469444444444 0.02734375 0.0861111111111
0 0.66171875 0.613888888889 0.0484375 0.161111111111
1 0.30390625 0.426388888889 0.02734375 0.1125
1 0.671875 0.325 0.03046875 0.109722222222
1 0.234375 0.323611111111 0.03046875 0.0986111111111
1 0.16015625 0.234722222222 0.0265625 0.0972222222222
0 0.35546875 0.231944444444 0.0265625 0.126388888889
0 0.3078125 0.281944444444 0.0296875 0.0791666666667
0 0.31640625 0.173611111111 0.0265625 0.0861111111111
1 0.3046875 0.251388888889 0.0265625 0.0861111111111
1 0.47109375 0.270833333333 0.03359375 0.0958333333333
1 0.06484375 0.323611111111 0.0390625 0.0958333333333
0 0.81328125 0.231944444444 0.03828125 0.102777777778
0 0.66484375 0.284722222222 0.03203125 0.130555555556
0 0.0078125 0.343055555556 0.0375 0.113888888889
