1 0.30703125 0.383333333333 0.02890625 0.115277777778
0 0.42265625 0.288888888889 0.040625 0.134722222222
0 0.225 0.4875 0.0359375 0.115277777778
0 0.58203125 0.265277777778 0.0296875 0.0902777777778
0 0.1640625 0.245833333333 0.03203125 0.109722222222
1 0.25 0.277777777778 0.034375 0.125
0 0.1484375 0.3 0.0328125 0.0666666666667
0 0.765625 0.569444444444 0.053125 0.177777777778
0 0.834375 0.347222222222 0.0390625 0.130555555556
1 0.03359375 0.358333333333 0.0421875 0.173611111111
1 0.06171875 0.2875 0.02734375 0.108333333333
0 0.0671875 0.243055555556 0.03359375 0.108333333333
1 0.421875 0.279166666667 0.040625 0.148611111111
