1 0.796875 0.548611111111 0.03046875 0.120833333333
1 0.48046875 0.484722222222 0.0359375 0.15
0 0.671875 0.318055555556 0.0203125 0.1
0 0.27578125 0.277777777778 0.03046875 0.1
1 0.74296875 0.316666666667 0.03515625 0.1
0 0.784375 0.343055555556 0.02265625 0.0597222222222
0 0.803125 0.395833333333 0.03828125 0.156944444444
1 0.603125 0.318055555556 0.034375 0.105555555556
0 0.62421875 0.568055555556 0.02421875 0.102777777778
1 0.35234375 0.383333333333 0.0296875 0.119444444444
1 0.22109375 0.301388888889 0.03359375 0.0944444444444
0 0.28203125 0.338888888889 0.03359375 0.104166666667
1 0.19140625 0.35 0.03203125 0.1125
0 0.05703125 0.365277777778 0.0453125 0.129166666667
1 0.04296875 0.406944444444 0.04609375 0.118055555556
