1 0.34453125 0.383333333333 0.02890625 0.115277777778
0 0.465625 0.308333333333 0.03359375 0.111111111111
0 0.2640625 0.484722222222 0.034375 0.109722222222
0 0.66953125 0.276388888889 0.0296875 0.0902777777778
0 0.24296875 0.268055555556 0.02734375 0.0944444444444
1 0.29296875 0.298611111111 0.034375 0.125
0 0.21015625 0.334722222222 0.0375 0.0777777777778
0 0.8265625 0.566666666667 0.05625 0.1875
0 0.88984375 0.3625 0.0390625 0.130555555556
1 0.08671875 0.365277777778 0.034375 0.143055555556
1 0.0375 0.331944444444 0.028125 0.111111111111
1 0.096875 0.304166666667 0.02890625 0.113888888889
0 0.1203125 0.254166666667 0.03515625 0.113888888889
1 0.4578125 0.297222222222 0.0390625 0.140277777778
