1 0.61796875 0.466666666667 0.034375 0.143055555556
0 0.4921875 0.344444444444 0.05234375 0.15
1 0.54140625 0.381944444444 0.0359375 0.0916666666667
1 0.65703125 0.363888888889 0.04765625 0.143055555556
0 0.66171875 0.348611111111 0.03671875 0.106944444444
1 0.53515625 0.372222222222 0.046875 0.101388888889
1 0.371875 0.473611111111 0.0421875 0.136111111111
0 0.35546875 0.583333333333 0.0546875 0.179166666667
1 0.5734375 0.3625 0.05 0.165277777778
0 0.7546875 0.311111111111 0.040625 0.119444444444
0 0.75859375 0.516666666667 0.0484375 0.143055555556
