0 0.40625 0.377777777778 0.0265625 0.0930555555556
1 0.540625 0.333333333333 0.025 0.0819444444444
1 0.7125 0.422222222222 0.02734375 0.109722222222
0 0.540625 0.327777777778 0.02578125 0.0972222222222
0 0.82421875 0.394444444444 0.03046875 0.1
1 0.71875 0.341666666667 0.02578125 0.0875
1 0.9 0.383333333333 0.02578125 0.102777777778
1 0.32890625 0.433333333333 0.02421875 0.115277777778
0 0.6421875 0.563888888889 0.0359375 0.115277777778
1 0.34296875 0.388888888889 0.02265625 0.0930555555556
0 0.1359375 0.8875 0.05 0.102777777778
0 0.2625 0.301388888889 0.034375 0.0930555555556
1 0.2640625 0.322222222222 0.02734375 0.075
0 0.13984375 0.3625 0.02734375 0.1
1 0.1 0.358333333333 0.02421875 0.1
1 0.059375 0.438888888889 0.03359375 0.113888888889
1 0.00546875 0.536111111111 0.040625 0.119444444444
