1 0.39375 0.431944444444 0.02734375 0.109722222222
0 0.54609375 0.261111111111 0.0578125 0.188888888889
0 0.4515625 0.481944444444 0.0296875 0.0944444444444
0 0.6265625 0.215277777778 0.0328125 0.1
0 0.190625 0.209722222222 0.046875 0.161111111111
1 0.346875 0.195833333333 0.04375 0.159722222222
0 0.2 0.256944444444 0.034375 0.0694444444444
0 0.70390625 0.576388888889 0.05078125 0.169444444444
0 0.928125 0.323611111111 0.03515625 0.118055555556
1 0.1640625 0.384722222222 0.034375 0.143055555556
1 0.18359375 0.247222222222 0.02734375 0.108333333333
0 0.17578125 0.198611111111 0.03359375 0.108333333333
1 0.540625 0.3125 0.03515625 0.127777777778
1 0.09375 0.326388888889 0.03359375 0.108333333333
