1 0.35 0.379166666667 0.02890625 0.115277777778
0 0.47109375 0.3125 0.03203125 0.105555555556
0 0.26875 0.484722222222 0.034375 0.109722222222
0 0.67890625 0.273611111111 0.03125 0.0958333333333
0 0.24921875 0.268055555556 0.02734375 0.0944444444444
1 0.29921875 0.298611111111 0.034375 0.125
0 0.21484375 0.3375 0.0375 0.0777777777778
0 0.83203125 0.5625 0.05625 0.1875
0 0.89765625 0.363888888889 0.0390625 0.130555555556
1 0.0921875 0.366666666667 0.034375 0.143055555556
1 0.04453125 0.3375 0.028125 0.111111111111
1 0.10234375 0.306944444444 0.02890625 0.113888888889
0 0.12421875 0.255555555556 0.03515625 0.113888888889
1 0.46171875 0.3 0.0390625 0.140277777778
