1 0.59765625 0.615277777778 0.03046875 0.120833333333
0 0.7796875 0.540277777778 0.0296875 0.0944444444444
0 0.7078125 0.633333333333 0.04609375 0.152777777778
1 0.3921875 0.498611111111 0.0296875 0.123611111111
1 0.71171875 0.391666666667 0.03203125 0.115277777778
1 0.22890625 0.381944444444 0.02890625 0.0944444444444
1 0.190625 0.290277777778 0.0234375 0.0888888888889
0 0.39765625 0.2875 0.02265625 0.109722222222
0 0.3453125 0.204166666667 0.025 0.0819444444444
1 0.52109375 0.326388888889 0.03359375 0.0958333333333
1 0.08828125 0.379166666667 0.04375 0.105555555556
0 0.8921875 0.284722222222 0.04453125 0.118055555556
0 0.653125 0.345833333333 0.0265625 0.106944444444
0 0.02109375 0.411111111111 0.034375 0.102777777778
0 0.3234375 0.316666666667 0.02421875 0.0902777777778
1 0.31953125 0.3 0.0328125 0.1
0 0.08515625 0.756944444444 0.0546875 0.180555555556
