1 0.315625 0.4 0.02890625 0.115277777778
0 0.46953125 0.263888888889 0.05 0.163888888889
0 0.2875 0.484722222222 0.03828125 0.120833333333
0 0.559375 0.227777777778 0.03125 0.0958333333333
0 0.1265625 0.211111111111 0.046875 0.161111111111
1 0.2734375 0.231944444444 0.0421875 0.152777777778
0 0.1375 0.2625 0.0328125 0.0666666666667
0 0.7296875 0.5875 0.04609375 0.154166666667
0 0.8625 0.329166666667 0.03359375 0.1125
1 0.08046875 0.369444444444 0.034375 0.143055555556
1 0.12109375 0.25 0.03046875 0.119444444444
0 0.0921875 0.204166666667 0.03203125 0.102777777778
1 0.46171875 0.288888888889 0.040625 0.148611111111
