1 0.3328125 0.405555555556 0.02890625 0.115277777778
0 0.49140625 0.270833333333 0.05 0.163888888889
0 0.32890625 0.481944444444 0.0359375 0.115277777778
0 0.57265625 0.222222222222 0.03125 0.0958333333333
0 0.1375 0.197222222222 0.05390625 0.1875
1 0.28828125 0.213888888889 0.04609375 0.168055555556
0 0.15078125 0.256944444444 0.0328125 0.0666666666667
0 0.7203125 0.5875 0.0484375 0.161111111111
0 0.88125 0.325 0.03203125 0.106944444444
1 0.10078125 0.372222222222 0.034375 0.143055555556
1 0.13515625 0.240277777778 0.03203125 0.125
0 0.1125 0.194444444444 0.03359375 0.108333333333
1 0.48203125 0.301388888889 0.03671875 0.134722222222
1 0.02109375 0.320833333333 0.03515625 0.113888888889
