1 0.3015625 0.394444444444 0.0265625 0.104166666667
0 0.44453125 0.281944444444 0.04296875 0.141666666667
0 0.23984375 0.495833333333 0.034375 0.109722222222
0 0.55 0.241666666667 0.0296875 0.0902777777778
0 0.12265625 0.211111111111 0.040625 0.138888888889
1 0.25703125 0.252777777778 0.0359375 0.131944444444
0 0.1265625 0.256944444444 0.034375 0.0694444444444
0 0.740625 0.570833333333 0.0484375 0.161111111111
0 0.83515625 0.331944444444 0.03671875 0.123611111111
1 0.05 0.3625 0.0359375 0.15
1 0.09765625 0.265277777778 0.02734375 0.108333333333
0 0.07109375 0.209722222222 0.03515625 0.113888888889
1 0.44453125 0.283333333333 0.040625 0.148611111111
