1 0.690625 0.480555555556 0.034375 0.143055555556
0 0.56640625 0.368055555556 0.0453125 0.129166666667
1 0.565625 0.379166666667 0.03828125 0.0972222222222
1 0.690625 0.384722222222 0.04765625 0.143055555556
0 0.6953125 0.358333333333 0.040625 0.116666666667
1 0.571875 0.4125 0.0421875 0.0930555555556
1 0.42265625 0.458333333333 0.04453125 0.143055555556
0 0.415625 0.606944444444 0.06015625 0.197222222222
1 0.64140625 0.370833333333 0.0453125 0.15
0 0.83046875 0.311111111111 0.04765625 0.1375
0 0.89609375 0.554166666667 0.053125 0.158333333333
