1 0.60703125 0.616666666667 0.03046875 0.120833333333
0 0.77734375 0.552777777778 0.028125 0.0902777777778
0 0.7109375 0.627777777778 0.053125 0.177777777778
1 0.39765625 0.506944444444 0.03125 0.129166666667
1 0.70625 0.405555555556 0.03203125 0.115277777778
1 0.215625 0.386111111111 0.02890625 0.0944444444444
1 0.18515625 0.286111111111 0.025 0.0930555555556
0 0.39296875 0.295833333333 0.021875 0.104166666667
0 0.33671875 0.205555555556 0.025 0.0819444444444
1 0.5203125 0.340277777778 0.03359375 0.0958333333333
1 0.0859375 0.383333333333 0.04140625 0.1
0 0.88359375 0.281944444444 0.046875 0.123611111111
0 0.6375 0.345833333333 0.02734375 0.1125
0 0.01015625 0.420833333333 0.0359375 0.108333333333
0 0.3125 0.326388888889 0.0234375 0.0861111111111
1 0.3078125 0.301388888889 0.034375 0.105555555556
0 0.090625 0.751388888889 0.05703125 0.190277777778
