1 0.4796875 0.563888888889 0.03046875 0.120833333333
0 0.71484375 0.626388888889 0.0484375 0.161111111111
1 0.3109375 0.505555555556 0.03125 0.129166666667
1 0.64296875 0.434722222222 0.03359375 0.120833333333
0 0.34765625 0.304166666667 0.02109375 0.0986111111111
0 0.06953125 0.279166666667 0.02734375 0.0902777777778
1 0.49921875 0.352777777778 0.03515625 0.1
0 0.590625 0.316666666667 0.03359375 0.0875
0 0.4140625 0.427777777778 0.03359375 0.136111111111
1 0.24921875 0.351388888889 0.03125 0.0958333333333
0 0.9109375 0.466666666667 0.0328125 0.141666666667
0 0.3359375 0.583333333333 0.0296875 0.125
1 0.13671875 0.425 0.034375 0.138888888889
1 0.0359375 0.311111111111 0.03671875 0.105555555556
0 0.0171875 0.4 0.03359375 0.104166666667
