0 0.5 0.361111111111 0.02578125 0.0875
1 0.6890625 0.381944444444 0.02734375 0.109722222222
0 0.87109375 0.369444444444 0.03203125 0.105555555556
1 0.5828125 0.336111111111 0.02734375 0.0916666666667
1 0.87734375 0.361111111111 0.028125 0.1125
1 0.41640625 0.390277777778 0.0265625 0.127777777778
0 0.70546875 0.504166666667 0.03828125 0.120833333333
1 0.4796875 0.355555555556 0.01953125 0.0805555555556
0 0.0671875 0.856944444444 0.05234375 0.108333333333
0 0.4265625 0.295833333333 0.034375 0.0930555555556
0 0.21015625 0.345833333333 0.02890625 0.105555555556
1 0.17578125 0.327777777778 0.02734375 0.111111111111
1 0.11796875 0.402777777778 0.03359375 0.113888888889
1 0.03515625 0.516666666667 0.04296875 0.125
0 0.5484375 0.330555555556 0.03125 0.0930555555556
1 0.534375 0.327777777778 0.0265625 0.0777777777778
1 0.3734375 0.294444444444 0.03203125 0.104166666667
