1 0.40625 0.563888888889 0.03203125 0.127777777778
0 0.49375 0.618055555556 0.04609375 0.152777777778
1 0.25625 0.508333333333 0.0328125 0.136111111111
1 0.534375 0.452777777778 0.03203125 0.115277777778
0 0.228125 0.323611111111 0.01796875 0.0861111111111
0 0.01328125 0.256944444444 0.025 0.0819444444444
1 0.35 0.375 0.03671875 0.105555555556
0 0.54140625 0.308333333333 0.04453125 0.118055555556
0 0.3046875 0.413888888889 0.03203125 0.130555555556
1 0.0890625 0.3625 0.0296875 0.0902777777778
0 0.7828125 0.444444444444 0.0296875 0.129166666667
0 0.3265625 0.584722222222 0.028125 0.119444444444
