1 0.6 0.6125 0.03203125 0.127777777778
0 0.73203125 0.563888888889 0.02734375 0.0861111111111
0 0.67265625 0.616666666667 0.0484375 0.161111111111
1 0.39453125 0.527777777778 0.028125 0.118055555556
1 0.66640625 0.443055555556 0.02890625 0.104166666667
1 0.16171875 0.408333333333 0.02890625 0.0944444444444
1 0.15390625 0.308333333333 0.0234375 0.0888888888889
0 0.36328125 0.319444444444 0.01875 0.0902777777778
0 0.28515625 0.213888888889 0.025 0.0819444444444
1 0.49296875 0.358333333333 0.03359375 0.0958333333333
1 0.05078125 0.4 0.04375 0.105555555556
0 0.8375 0.293055555556 0.046875 0.123611111111
0 0.57578125 0.368055555556 0.02734375 0.1125
0 0.25390625 0.329166666667 0.028125 0.104166666667
1 0.253125 0.315277777778 0.0359375 0.109722222222
0 0.07265625 0.7625 0.0625 0.209722222222
