1 0.32421875 0.404166666667 0.02890625 0.115277777778
0 0.48203125 0.269444444444 0.05 0.163888888889
0 0.3140625 0.484722222222 0.03828125 0.120833333333
0 0.56796875 0.223611111111 0.03125 0.0958333333333
0 0.13203125 0.1875 0.05390625 0.1875
1 0.28125 0.219444444444 0.04609375 0.168055555556
0 0.14375 0.259722222222 0.0328125 0.0666666666667
0 0.725 0.588888888889 0.04609375 0.154166666667
0 0.87265625 0.323611111111 0.03359375 0.1125
1 0.09140625 0.372222222222 0.034375 0.143055555556
1 0.12890625 0.243055555556 0.03203125 0.125
0 0.103125 0.195833333333 0.03359375 0.108333333333
1 0.4734375 0.294444444444 0.0390625 0.140277777778
1 0.01015625 0.320833333333 0.03515625 0.113888888889
