1 0.44609375 0.381944444444 0.03046875 0.120833333333
0 0.5828125 0.340277777778 0.03046875 0.1
1 0.58359375 0.336111111111 0.028125 0.1125
1 0.2296875 0.4 0.02578125 0.120833333333
0 0.40703125 0.491666666667 0.0328125 0.104166666667
1 0.2375 0.330555555556 0.021875 0.0888888888889
0 0.215625 0.291666666667 0.0328125 0.0888888888889
0 0.81953125 0.305555555556 0.0328125 0.1
0 0.321875 0.301388888889 0.02734375 0.0944444444444
1 0.3625 0.331944444444 0.03125 0.113888888889
0 0.3359375 0.3875 0.0359375 0.0736111111111
0 0.92734375 0.569444444444 0.05078125 0.169444444444
1 0.01796875 0.304166666667 0.03828125 0.111111111111
