1 0.30859375 0.395833333333 0.02734375 0.109722222222
0 0.45703125 0.261111111111 0.05 0.163888888889
0 0.26171875 0.494444444444 0.03828125 0.120833333333
0 0.553125 0.229166666667 0.03125 0.0958333333333
0 0.125 0.201388888889 0.046875 0.161111111111
1 0.265625 0.2375 0.03984375 0.145833333333
0 0.1328125 0.265277777778 0.0328125 0.0666666666667
0 0.73828125 0.597222222222 0.04609375 0.154166666667
0 0.85078125 0.326388888889 0.03515625 0.118055555556
1 0.0671875 0.366666666667 0.034375 0.143055555556
1 0.11484375 0.251388888889 0.0265625 0.102777777778
0 0.08359375 0.202777777778 0.03359375 0.108333333333
1 0.4609375 0.279166666667 0.040625 0.148611111111
