1 0.38671875 0.444444444444 0.0359375 0.15
0 0.346875 0.408333333333 0.0578125 0.165277777778
1 0.69765625 0.356944444444 0.0453125 0.136111111111
1 0.4765625 0.413888888889 0.046875 0.101388888889
1 0.23125 0.468055555556 0.03984375 0.129166666667
0 0.23515625 0.5375 0.0515625 0.169444444444
1 0.6140625 0.3125 0.04765625 0.158333333333
0 0.36328125 0.463888888889 0.0421875 0.123611111111
1 0.94765625 0.394444444444 0.05234375 0.131944444444
0 0.3578125 0.4 0.04609375 0.1875
1 0.87734375 0.470833333333 0.04453125 0.148611111111
0 0.784375 0.363888888889 0.040625 0.120833333333
0 0.6796875 0.326388888889 0.04453125 0.113888888889
