1 0.38359375 0.451388888889 0.034375 0.143055555556
0 0.340625 0.395833333333 0.0578125 0.165277777778
1 0.69765625 0.354166666667 0.0453125 0.136111111111
1 0.47109375 0.419444444444 0.046875 0.101388888889
1 0.23203125 0.466666666667 0.03984375 0.129166666667
0 0.23359375 0.536111111111 0.0515625 0.169444444444
1 0.6140625 0.316666666667 0.04765625 0.158333333333
0 0.3609375 0.45 0.04609375 0.136111111111
1 0.94609375 0.395833333333 0.05234375 0.131944444444
0 0.34921875 0.3875 0.04609375 0.1875
1 0.86640625 0.480555555556 0.04453125 0.148611111111
0 0.7875 0.3625 0.040625 0.120833333333
0 0.671875 0.325 0.046875 0.119444444444
