1 0.4125 0.468055555556 0.02890625 0.115277777778
0 0.565625 0.280555555556 0.0578125 0.188888888889
0 0.54140625 0.501388888889 0.0265625 0.0861111111111
0 0.6578125 0.223611111111 0.0296875 0.0902777777778
0 0.2140625 0.1625 0.0515625 0.177777777778
1 0.37890625 0.184722222222 0.0484375 0.176388888889
0 0.21953125 0.273611111111 0.0359375 0.0736111111111
0 0.66328125 0.598611111111 0.05078125 0.169444444444
0 0.94453125 0.341666666667 0.03515625 0.118055555556
1 0.18515625 0.419444444444 0.0328125 0.136111111111
1 0.19296875 0.230555555556 0.02734375 0.108333333333
0 0.18984375 0.2 0.03359375 0.108333333333
1 0.56328125 0.333333333333 0.03203125 0.115277777778
1 0.121875 0.341666666667 0.03359375 0.108333333333
1 0.015625 0.258333333333 0.025 0.0930555555556
