0 0.41484375 0.372222222222 0.0265625 0.0930555555556
1 0.54453125 0.334722222222 0.025 0.0819444444444
1 0.71484375 0.419444444444 0.02734375 0.109722222222
0 0.5421875 0.325 0.02734375 0.102777777778
0 0.83203125 0.390277777778 0.03046875 0.1
1 0.7140625 0.336111111111 0.025 0.0833333333333
1 0.903125 0.379166666667 0.02734375 0.108333333333
1 0.33671875 0.436111111111 0.02421875 0.115277777778
0 0.65234375 0.55 0.03828125 0.120833333333
1 0.35 0.386111111111 0.0203125 0.0847222222222
0 0.13828125 0.888888888889 0.05 0.102777777778
0 0.284375 0.302777777778 0.034375 0.0930555555556
1 0.2890625 0.330555555556 0.02578125 0.0708333333333
0 0.15234375 0.359722222222 0.02734375 0.1
1 0.11171875 0.352777777778 0.02421875 0.1
1 0.0625 0.443055555556 0.03203125 0.108333333333
1 0.00625 0.530555555556 0.040625 0.119444444444
