1 0.45546875 0.570833333333 0.03046875 0.120833333333
0 0.66171875 0.618055555556 0.0484375 0.161111111111
1 0.296875 0.513888888889 0.03125 0.129166666667
1 0.61484375 0.443055555556 0.03359375 0.120833333333
0 0.30859375 0.298611111111 0.02421875 0.115277777778
0 0.05546875 0.279166666667 0.0265625 0.0861111111111
1 0.465625 0.361111111111 0.03515625 0.1
0 0.5828125 0.323611111111 0.03671875 0.0972222222222
0 0.38046875 0.434722222222 0.03359375 0.136111111111
1 0.20546875 0.3625 0.034375 0.105555555556
0 0.875 0.470833333333 0.03125 0.134722222222
0 0.31640625 0.584722222222 0.028125 0.119444444444
1 0.1171875 0.445833333333 0.0328125 0.131944444444
1 0.01796875 0.313888888889 0.03671875 0.105555555556
