1 0.575 0.595833333333 0.02890625 0.115277777778
0 0.77578125 0.523611111111 0.028125 0.0902777777778
0 0.6984375 0.6375 0.0484375 0.161111111111
1 0.378125 0.472222222222 0.028125 0.118055555556
1 0.71796875 0.380555555556 0.03046875 0.109722222222
1 0.24765625 0.372222222222 0.02890625 0.0944444444444
1 0.19609375 0.276388888889 0.025 0.0930555555556
0 0.39921875 0.276388888889 0.02421875 0.115277777778
0 0.35546875 0.195833333333 0.0265625 0.0861111111111
1 0.52109375 0.315277777778 0.03359375 0.0958333333333
1 0.09375 0.359722222222 0.04140625 0.1
0 0.89140625 0.266666666667 0.0421875 0.1125
0 0.67109375 0.325 0.02890625 0.118055555556
0 0.0328125 0.391666666667 0.034375 0.102777777778
0 0.3375 0.304166666667 0.02578125 0.0944444444444
1 0.33359375 0.2875 0.0328125 0.1
0 0.0484375 0.769444444444 0.05703125 0.190277777778
