0 0.55234375 0.348611111111 0.02578125 0.0875
1 0.6734375 0.373611111111 0.02734375 0.109722222222
0 0.846875 0.352777777778 0.03046875 0.1
1 0.56171875 0.333333333333 0.03359375 0.111111111111
1 0.846875 0.3375 0.0296875 0.119444444444
1 0.44375 0.383333333333 0.02578125 0.120833333333
0 0.69921875 0.4875 0.0359375 0.115277777778
1 0.53828125 0.35 0.01953125 0.0805555555556
0 0.025 0.836111111111 0.05 0.102777777778
0 0.4375 0.2875 0.0359375 0.0972222222222
0 0.20859375 0.340277777778 0.03046875 0.109722222222
1 0.18046875 0.330555555556 0.02578125 0.105555555556
1 0.12265625 0.394444444444 0.03359375 0.113888888889
1 0.05625 0.534722222222 0.040625 0.119444444444
0 0.55234375 0.348611111111 0.028125 0.0847222222222
1 0.55 0.316666666667 0.03125 0.0902777777778
1 0.37109375 0.283333333333 0.03359375 0.109722222222
