1 0.49765625 0.594444444444 0.03359375 0.133333333333
0 0.55234375 0.616666666667 0.028125 0.0902777777778
0 0.5453125 0.6 0.0484375 0.161111111111
1 0.32265625 0.531944444444 0.03125 0.129166666667
1 0.56796875 0.455555555556 0.03515625 0.127777777778
1 0.0171875 0.454166666667 0.03203125 0.104166666667
1 0.03984375 0.316666666667 0.025 0.0930555555556
0 0.27265625 0.347222222222 0.01640625 0.0777777777778
0 0.13359375 0.2375 0.0265625 0.0861111111111
1 0.40078125 0.394444444444 0.040625 0.115277777778
0 0.68984375 0.320833333333 0.04453125 0.118055555556
0 0.41640625 0.401388888889 0.02890625 0.118055555556
1 0.1328125 0.347222222222 0.034375 0.105555555556
0 0.92734375 0.427777777778 0.0328125 0.141666666667
0 0.0828125 0.359722222222 0.03515625 0.122222222222
