1 0.846875 0.479166666667 0.034375 0.143055555556
0 0.8421875 0.329166666667 0.02890625 0.0944444444444
0 0.44140625 0.340277777778 0.04296875 0.123611111111
1 0.40390625 0.359722222222 0.04609375 0.118055555556
1 0.784375 0.375 0.05 0.151388888889
0 0.76953125 0.352777777778 0.0421875 0.123611111111
1 0.7140625 0.297222222222 0.053125 0.129166666667
1 0.6109375 0.365277777778 0.04921875 0.106944444444
1 0.3578125 0.497222222222 0.04375 0.141666666667
0 0.3890625 0.725 0.06328125 0.206944444444
