1 0.40234375 0.455555555556 0.02890625 0.115277777778
0 0.5578125 0.273611111111 0.0578125 0.188888888889
0 0.50234375 0.483333333333 0.0296875 0.0944444444444
0 0.64375 0.219444444444 0.0296875 0.0902777777778
0 0.209375 0.170833333333 0.046875 0.161111111111
1 0.3640625 0.194444444444 0.0421875 0.152777777778
0 0.209375 0.270833333333 0.0359375 0.0736111111111
0 0.67890625 0.579166666667 0.05078125 0.169444444444
0 0.9359375 0.333333333333 0.03515625 0.118055555556
1 0.17421875 0.404166666667 0.034375 0.143055555556
1 0.1859375 0.236111111111 0.0265625 0.102777777778
0 0.1796875 0.2 0.03359375 0.108333333333
1 0.55234375 0.325 0.03359375 0.122222222222
1 0.10859375 0.338888888889 0.03359375 0.108333333333
