1 0.809375 0.494444444444 0.034375 0.143055555556
0 0.7171875 0.306944444444 0.03203125 0.104166666667
0 0.3296875 0.365277777778 0.04140625 0.116666666667
1 0.31953125 0.380555555556 0.0421875 0.106944444444
1 0.709375 0.3875 0.05 0.151388888889
0 0.7 0.333333333333 0.04453125 0.129166666667
1 0.6234375 0.301388888889 0.053125 0.129166666667
1 0.52734375 0.358333333333 0.04921875 0.106944444444
1 0.26796875 0.531944444444 0.0421875 0.136111111111
0 0.2796875 0.783333333333 0.06328125 0.206944444444
