1 0.47578125 0.465277777778 0.034375 0.143055555556
0 0.3578125 0.383333333333 0.06015625 0.173611111111
1 0.64453125 0.356944444444 0.0453125 0.136111111111
0 0.646875 0.355555555556 0.03515625 0.101388888889
1 0.453125 0.397222222222 0.04921875 0.106944444444
1 0.215625 0.465277777778 0.04921875 0.156944444444
0 0.2265625 0.513888888889 0.06015625 0.197222222222
1 0.5734375 0.311111111111 0.053125 0.173611111111
0 0.66328125 0.301388888889 0.05 0.144444444444
0 0.42734375 0.502777777778 0.04375 0.129166666667
1 0.88984375 0.397222222222 0.0546875 0.138888888889
0 0.409375 0.395833333333 0.034375 0.140277777778
1 0.95078125 0.502777777778 0.04453125 0.148611111111
