1 0.58125 0.559722222222 0.02890625 0.115277777778
0 0.90703125 0.623611111111 0.05078125 0.169444444444
1 0.3359375 0.505555555556 0.0328125 0.136111111111
1 0.7390625 0.433333333333 0.03203125 0.115277777778
0 0.47265625 0.302777777778 0.0234375 0.115277777778
0 0.09921875 0.293055555556 0.028125 0.0902777777778
1 0.56875 0.329166666667 0.03359375 0.0958333333333
0 0.62734375 0.336111111111 0.02734375 0.0722222222222
0 0.54375 0.405555555556 0.03671875 0.15
1 0.38203125 0.340277777778 0.028125 0.0875
0 0.40078125 0.583333333333 0.02578125 0.108333333333
1 0.2078125 0.405555555556 0.0296875 0.119444444444
1 0.0703125 0.306944444444 0.03203125 0.0902777777778
0 0.08671875 0.383333333333 0.03359375 0.104166666667
1 0.028125 0.377777777778 0.03203125 0.1125
