0 0.503125 0.390277777778 0.02421875 0.0833333333333
1 0.60625 0.383333333333 0.02734375 0.109722222222
0 0.74375 0.348611111111 0.03046875 0.1
1 0.4796875 0.320833333333 0.03828125 0.129166666667
1 0.74375 0.338888888889 0.0296875 0.119444444444
1 0.38203125 0.3875 0.02421875 0.115277777778
0 0.60859375 0.486111111111 0.034375 0.109722222222
1 0.44921875 0.344444444444 0.02265625 0.0930555555556
0 0.3671875 0.291666666667 0.0328125 0.0888888888889
0 0.11875 0.35 0.03046875 0.109722222222
1 0.0953125 0.333333333333 0.02734375 0.111111111111
1 0.034375 0.395833333333 0.03515625 0.119444444444
0 0.496875 0.397222222222 0.0203125 0.0597222222222
1 0.48671875 0.302777777778 0.0359375 0.104166666667
1 0.2734375 0.290277777778 0.03203125 0.104166666667
0 0.90546875 0.311111111111 0.034375 0.105555555556
