1 0.396875 0.380555555556 0.03203125 0.126388888889
0 0.5234375 0.329166666667 0.03203125 0.105555555556
0 0.32890625 0.476388888889 0.0359375 0.115277777778
0 0.76015625 0.277777777778 0.0328125 0.1
0 0.29609375 0.2875 0.02578125 0.0902777777778
1 0.340625 0.309722222222 0.0359375 0.131944444444
0 0.2765625 0.368055555556 0.0359375 0.0736111111111
0 0.8828125 0.573611111111 0.053125 0.177777777778
0 0.95078125 0.373611111111 0.03671875 0.123611111111
1 0.16015625 0.384722222222 0.0328125 0.136111111111
1 0.1296875 0.343055555556 0.03125 0.122222222222
1 0.1640625 0.325 0.02890625 0.113888888889
0 0.18046875 0.275 0.03515625 0.113888888889
1 0.50546875 0.325 0.03515625 0.127777777778
