1 0.3109375 0.379166666667 0.03046875 0.120833333333
0 0.42734375 0.291666666667 0.0390625 0.127777777778
0 0.2296875 0.4875 0.0359375 0.115277777778
0 0.59375 0.266666666667 0.0296875 0.0902777777778
0 0.1765625 0.248611111111 0.03046875 0.104166666667
1 0.2546875 0.290277777778 0.034375 0.125
0 0.15625 0.302777777778 0.0328125 0.0666666666667
0 0.775 0.570833333333 0.053125 0.177777777778
0 0.8421875 0.354166666667 0.0390625 0.130555555556
1 0.03671875 0.355555555556 0.0421875 0.173611111111
1 0.06328125 0.291666666667 0.02734375 0.108333333333
0 0.0765625 0.241666666667 0.03359375 0.108333333333
1 0.425 0.280555555556 0.040625 0.148611111111
