0 0.521875 0.344444444444 0.02578125 0.0875
1 0.68984375 0.380555555556 0.02734375 0.109722222222
0 0.878125 0.363888888889 0.03046875 0.1
1 0.58046875 0.330555555556 0.02890625 0.0958333333333
1 0.88046875 0.348611111111 0.028125 0.1125
1 0.42890625 0.3875 0.028125 0.133333333333
0 0.715625 0.497222222222 0.0359375 0.115277777778
1 0.5078125 0.347222222222 0.01953125 0.0805555555556
0 0.06484375 0.847222222222 0.05234375 0.108333333333
0 0.4375 0.293055555556 0.034375 0.0930555555556
0 0.2203125 0.347222222222 0.02890625 0.105555555556
1 0.184375 0.327777777778 0.02734375 0.111111111111
1 0.128125 0.398611111111 0.03359375 0.113888888889
1 0.0484375 0.516666666667 0.04296875 0.125
0 0.559375 0.334722222222 0.0296875 0.0888888888889
1 0.540625 0.318055555556 0.028125 0.0819444444444
1 0.38359375 0.286111111111 0.03203125 0.104166666667
