1 0.55390625 0.563888888889 0.02890625 0.115277777778
0 0.8609375 0.627777777778 0.0484375 0.161111111111
1 0.328125 0.505555555556 0.0328125 0.136111111111
1 0.7125 0.433333333333 0.03203125 0.115277777778
0 0.4359375 0.298611111111 0.02265625 0.109722222222
0 0.08984375 0.2875 0.0265625 0.0861111111111
1 0.5546875 0.3375 0.03359375 0.0958333333333
0 0.61640625 0.334722222222 0.03046875 0.0791666666667
0 0.50859375 0.418055555556 0.03671875 0.15
1 0.3484375 0.336111111111 0.0296875 0.0916666666667
0 0.3796875 0.580555555556 0.028125 0.119444444444
1 0.18984375 0.413888888889 0.03125 0.125
1 0.0625 0.306944444444 0.03203125 0.0902777777778
0 0.0703125 0.3875 0.03359375 0.104166666667
1 0.01015625 0.381944444444 0.03203125 0.1125
