0 0.3609375 0.384722222222 0.0265625 0.0930555555556
1 0.5140625 0.331944444444 0.02734375 0.0902777777778
1 0.684375 0.431944444444 0.02578125 0.104166666667
0 0.52109375 0.323611111111 0.0296875 0.1125
0 0.7796875 0.404166666667 0.02890625 0.0958333333333
1 0.69765625 0.344444444444 0.02578125 0.0875
0 0.93515625 0.333333333333 0.02890625 0.0958333333333
1 0.865625 0.391666666667 0.0234375 0.0930555555556
1 0.28515625 0.448611111111 0.02421875 0.115277777778
0 0.5890625 0.568055555556 0.03828125 0.120833333333
1 0.30546875 0.394444444444 0.02265625 0.0930555555556
0 0.1046875 0.895833333333 0.05 0.102777777778
0 0.1828125 0.305555555556 0.0328125 0.0888888888889
1 0.1578125 0.323611111111 0.025 0.0680555555556
0 0.08125 0.375 0.02734375 0.1
1 0.04609375 0.369444444444 0.02421875 0.1
1 0.028125 0.448611111111 0.03359375 0.113888888889
