0 0.4671875 0.380555555556 0.02421875 0.0833333333333
1 0.5734375 0.380555555556 0.02890625 0.115277777778
0 0.70625 0.348611111111 0.02890625 0.0958333333333
1 0.45390625 0.320833333333 0.03828125 0.129166666667
1 0.70546875 0.336111111111 0.0296875 0.119444444444
1 0.3515625 0.391666666667 0.02421875 0.115277777778
0 0.56875 0.491666666667 0.034375 0.109722222222
1 0.4 0.344444444444 0.021875 0.0888888888889
0 0.33359375 0.291666666667 0.0328125 0.0888888888889
0 0.078125 0.355555555556 0.03046875 0.109722222222
1 0.0578125 0.334722222222 0.028125 0.116666666667
0 0.4765625 0.404166666667 0.01953125 0.0569444444444
1 0.45546875 0.309722222222 0.0328125 0.0944444444444
1 0.22109375 0.286111111111 0.03203125 0.104166666667
0 0.8859375 0.3125 0.034375 0.105555555556
