1 0.5171875 0.4625 0.0359375 0.15
0 0.39375 0.361111111111 0.06328125 0.181944444444
1 0.61953125 0.348611111111 0.0453125 0.136111111111
0 0.6203125 0.348611111111 0.040625 0.116666666667
1 0.45703125 0.379166666667 0.04921875 0.106944444444
1 0.2421875 0.483333333333 0.04453125 0.143055555556
0 0.25234375 0.534722222222 0.0515625 0.169444444444
1 0.546875 0.305555555556 0.053125 0.173611111111
0 0.6640625 0.304166666667 0.0453125 0.130555555556
0 0.51015625 0.506944444444 0.04609375 0.136111111111
1 0.8890625 0.4 0.0546875 0.138888888889
0 0.42265625 0.373611111111 0.03125 0.126388888889
