1 0.73359375 0.547222222222 0.03046875 0.120833333333
1 0.4265625 0.477777777778 0.0328125 0.136111111111
1 0.90703125 0.418055555556 0.03359375 0.120833333333
0 0.63671875 0.3125 0.0203125 0.1
0 0.21640625 0.279166666667 0.03046875 0.1
1 0.68515625 0.322222222222 0.03046875 0.0875
0 0.73828125 0.348611111111 0.02265625 0.0597222222222
0 0.72890625 0.388888888889 0.03828125 0.156944444444
1 0.54765625 0.320833333333 0.0328125 0.1
0 0.5625 0.563888888889 0.02578125 0.108333333333
1 0.30234375 0.386111111111 0.02734375 0.108333333333
1 0.17578125 0.301388888889 0.03359375 0.0944444444444
0 0.225 0.3375 0.03515625 0.109722222222
1 0.1359375 0.351388888889 0.03046875 0.106944444444
0 0.0171875 0.375 0.0453125 0.129166666667
