1 0.51015625 0.458333333333 0.0359375 0.15
0 0.390625 0.368055555556 0.06328125 0.181944444444
1 0.62109375 0.35 0.0453125 0.136111111111
0 0.6234375 0.3625 0.03828125 0.111111111111
1 0.45546875 0.386111111111 0.04921875 0.106944444444
1 0.2375 0.481944444444 0.046875 0.15
0 0.2484375 0.536111111111 0.0515625 0.169444444444
1 0.5484375 0.304166666667 0.053125 0.173611111111
0 0.66328125 0.304166666667 0.0453125 0.130555555556
0 0.5 0.509722222222 0.04609375 0.136111111111
1 0.88828125 0.397222222222 0.05234375 0.131944444444
0 0.41796875 0.373611111111 0.0328125 0.133333333333
