1 0.70625 0.480555555556 0.034375 0.143055555556
0 0.57265625 0.368055555556 0.0453125 0.129166666667
1 0.57109375 0.377777777778 0.03828125 0.0972222222222
1 0.69921875 0.379166666667 0.05 0.151388888889
0 0.70546875 0.3625 0.040625 0.116666666667
1 0.58125 0.418055555556 0.0421875 0.0930555555556
1 0.43046875 0.456944444444 0.04453125 0.143055555556
0 0.42578125 0.616666666667 0.0625 0.206944444444
1 0.65234375 0.370833333333 0.0453125 0.15
0 0.84375 0.315277777778 0.04765625 0.1375
0 0.91953125 0.561111111111 0.05078125 0.15
