1 0.66953125 0.469444444444 0.034375 0.143055555556
0 0.55 0.355555555556 0.05 0.143055555556
1 0.553125 0.390277777778 0.0359375 0.0916666666667
1 0.67421875 0.380555555556 0.04765625 0.143055555556
0 0.6796875 0.3625 0.040625 0.116666666667
1 0.55625 0.402777777778 0.0421875 0.0930555555556
1 0.40859375 0.461111111111 0.04453125 0.143055555556
0 0.40234375 0.6 0.0546875 0.179166666667
1 0.6171875 0.3625 0.04765625 0.158333333333
0 0.81328125 0.315277777778 0.0453125 0.130555555556
0 0.859375 0.543055555556 0.053125 0.158333333333
