1 0.4578125 0.383333333333 0.03046875 0.120833333333
0 0.5921875 0.341666666667 0.03046875 0.1
1 0.59296875 0.333333333333 0.028125 0.1125
1 0.23984375 0.401388888889 0.02578125 0.120833333333
0 0.4203125 0.4875 0.034375 0.109722222222
1 0.24921875 0.344444444444 0.021875 0.0888888888889
0 0.225 0.294444444444 0.0328125 0.0888888888889
1 0.065625 0.273611111111 0.03515625 0.115277777778
0 0.82890625 0.302777777778 0.034375 0.105555555556
0 0.328125 0.3 0.02734375 0.0944444444444
1 0.36875 0.333333333333 0.0296875 0.108333333333
0 0.34609375 0.391666666667 0.0359375 0.0736111111111
0 0.93828125 0.570833333333 0.05078125 0.169444444444
