1 0.3015625 0.390277777778 0.02734375 0.109722222222
0 0.42421875 0.288888888889 0.040625 0.134722222222
0 0.22421875 0.494444444444 0.034375 0.109722222222
0 0.56015625 0.2625 0.028125 0.0861111111111
0 0.1359375 0.265277777778 0.03359375 0.115277777778
1 0.24765625 0.272222222222 0.034375 0.125
0 0.134375 0.2875 0.034375 0.0694444444444
0 0.74765625 0.570833333333 0.053125 0.177777777778
0 0.8171875 0.348611111111 0.0390625 0.130555555556
1 0.0359375 0.373611111111 0.034375 0.143055555556
1 0.0703125 0.279166666667 0.02734375 0.108333333333
0 0.0625 0.234722222222 0.03515625 0.113888888889
1 0.425 0.290277777778 0.0390625 0.140277777778
