1 0.3 0.393055555556 0.02734375 0.109722222222
0 0.42890625 0.2875 0.0390625 0.127777777778
0 0.22578125 0.498611111111 0.034375 0.109722222222
0 0.5578125 0.258333333333 0.028125 0.0861111111111
0 0.13359375 0.25 0.03515625 0.120833333333
1 0.246875 0.272222222222 0.034375 0.125
0 0.1328125 0.277777777778 0.034375 0.0694444444444
0 0.7453125 0.570833333333 0.053125 0.177777777778
0 0.81796875 0.341666666667 0.0390625 0.130555555556
1 0.03671875 0.369444444444 0.0359375 0.15
1 0.07421875 0.276388888889 0.02734375 0.108333333333
0 0.065625 0.233333333333 0.03515625 0.113888888889
1 0.428125 0.280555555556 0.0390625 0.140277777778
