1 0.35 0.408333333333 0.02890625 0.115277777778
0 0.5078125 0.2625 0.0546875 0.180555555556
0 0.3671875 0.486111111111 0.0328125 0.104166666667
0 0.5875 0.218055555556 0.03125 0.0958333333333
0 0.15234375 0.206944444444 0.0515625 0.177777777778
1 0.30390625 0.219444444444 0.0421875 0.152777777778
0 0.1671875 0.263888888889 0.0328125 0.0666666666667
0 0.71171875 0.583333333333 0.053125 0.177777777778
0 0.8953125 0.319444444444 0.03359375 0.1125
1 0.12265625 0.373611111111 0.034375 0.143055555556
1 0.1515625 0.236111111111 0.03203125 0.125
0 0.13046875 0.190277777778 0.03203125 0.102777777778
1 0.49921875 0.298611111111 0.0390625 0.140277777778
1 0.0421875 0.319444444444 0.03515625 0.113888888889
