1 0.30390625 0.388888888889 0.02734375 0.109722222222
0 0.42109375 0.2875 0.040625 0.134722222222
0 0.2234375 0.491666666667 0.0359375 0.115277777778
0 0.57265625 0.2625 0.0296875 0.0902777777778
0 0.15546875 0.2375 0.03359375 0.115277777778
1 0.246875 0.279166666667 0.034375 0.125
0 0.14453125 0.293055555556 0.03125 0.0638888888889
0 0.7578125 0.568055555556 0.053125 0.177777777778
0 0.8265625 0.344444444444 0.0390625 0.130555555556
1 0.03203125 0.3625 0.03828125 0.156944444444
1 0.0640625 0.283333333333 0.02734375 0.108333333333
0 0.06171875 0.238888888889 0.03515625 0.113888888889
1 0.4203125 0.284722222222 0.0390625 0.140277777778
