1 0.45234375 0.458333333333 0.0359375 0.15
0 0.35390625 0.393055555556 0.0578125 0.165277777778
1 0.67421875 0.354166666667 0.0453125 0.136111111111
0 0.67734375 0.351388888889 0.03359375 0.0958333333333
1 0.46796875 0.404166666667 0.046875 0.101388888889
1 0.22421875 0.473611111111 0.04453125 0.143055555556
0 0.2453125 0.531944444444 0.0546875 0.179166666667
1 0.59296875 0.308333333333 0.05 0.165277777778
0 0.70546875 0.294444444444 0.0546875 0.159722222222
0 0.40078125 0.476388888889 0.03984375 0.118055555556
1 0.92265625 0.391666666667 0.0546875 0.138888888889
0 0.396875 0.406944444444 0.0359375 0.147222222222
1 0.9453125 0.501388888889 0.0421875 0.141666666667
