0 0.28046875 0.404166666667 0.02578125 0.0875
1 0.4296875 0.365277777778 0.025 0.0819444444444
1 0.62265625 0.45 0.02734375 0.109722222222
0 0.49140625 0.338888888889 0.028125 0.106944444444
0 0.7140625 0.402777777778 0.03046875 0.1
1 0.6515625 0.348611111111 0.0234375 0.0791666666667
0 0.8234375 0.3375 0.0265625 0.0875
1 0.8109375 0.395833333333 0.0234375 0.0930555555556
1 0.20625 0.469444444444 0.02421875 0.115277777778
0 0.4765625 0.597222222222 0.0328125 0.104166666667
1 0.20625 0.409722222222 0.0234375 0.0972222222222
0 0.0421875 0.890277777778 0.05234375 0.108333333333
0 0.0421875 0.320833333333 0.028125 0.0763888888889
1 0.00625 0.327777777778 0.02734375 0.075
