1 0.45546875 0.472222222222 0.02890625 0.115277777778
0 0.60703125 0.263888888889 0.0546875 0.180555555556
0 0.6171875 0.472222222222 0.02578125 0.0819444444444
0 0.721875 0.201388888889 0.03125 0.0958333333333
0 0.665625 0.608333333333 0.0484375 0.161111111111
1 0.23984375 0.406944444444 0.0328125 0.136111111111
1 0.61640625 0.315277777778 0.03203125 0.115277777778
1 0.18125 0.329166666667 0.02890625 0.0944444444444
1 0.08828125 0.241666666667 0.0265625 0.0972222222222
0 0.2859375 0.233333333333 0.028125 0.133333333333
0 0.26171875 0.290277777778 0.0296875 0.0791666666667
0 0.2484375 0.188888888889 0.025 0.0819444444444
1 0.2421875 0.25 0.0296875 0.0944444444444
1 0.4140625 0.275 0.03515625 0.1
1 -0.00390625 0.316666666667 0.04140625 0.1
