1 0.55390625 0.590277777778 0.02890625 0.115277777778
0 0.7640625 0.513888888889 0.02734375 0.0861111111111
0 0.69140625 0.638888888889 0.04609375 0.152777777778
1 0.36171875 0.470833333333 0.0296875 0.123611111111
1 0.71640625 0.363888888889 0.02890625 0.104166666667
1 0.25390625 0.354166666667 0.03046875 0.0986111111111
1 0.19609375 0.268055555556 0.025 0.0930555555556
0 0.39765625 0.265277777778 0.0265625 0.126388888889
0 0.35625 0.190277777778 0.025 0.0819444444444
1 0.515625 0.306944444444 0.03359375 0.0958333333333
1 0.09453125 0.35 0.04140625 0.1
0 0.8796875 0.252777777778 0.0421875 0.1125
0 0.67734375 0.311111111111 0.03046875 0.123611111111
0 0.0359375 0.384722222222 0.0359375 0.108333333333
0 0.3453125 0.298611111111 0.02578125 0.0944444444444
1 0.3359375 0.272222222222 0.0328125 0.1
0 0.009375 0.744444444444 0.05703125 0.190277777778
