1 0.49765625 0.452777777778 0.03828125 0.158333333333
0 0.3875 0.366666666667 0.06328125 0.181944444444
1 0.625 0.352777777778 0.0453125 0.136111111111
0 0.628125 0.365277777778 0.03515625 0.101388888889
1 0.4515625 0.390277777778 0.04921875 0.106944444444
1 0.22890625 0.475 0.046875 0.15
0 0.2421875 0.538888888889 0.0515625 0.169444444444
1 0.553125 0.304166666667 0.053125 0.173611111111
0 0.66484375 0.302777777778 0.0453125 0.130555555556
0 0.48125 0.509722222222 0.04609375 0.136111111111
1 0.8828125 0.4 0.0546875 0.138888888889
0 0.4140625 0.373611111111 0.034375 0.140277777778
