0 0.53515625 0.383333333333 0.02421875 0.0833333333333
1 0.634375 0.379166666667 0.02734375 0.109722222222
0 0.7828125 0.348611111111 0.03046875 0.1
1 0.50859375 0.331944444444 0.03671875 0.122222222222
1 0.78359375 0.3375 0.0296875 0.119444444444
1 0.4078125 0.3875 0.0234375 0.109722222222
0 0.64609375 0.484722222222 0.034375 0.109722222222
1 0.48828125 0.340277777778 0.021875 0.0888888888889
0 0.3984375 0.290277777778 0.034375 0.0930555555556
0 0.1546875 0.35 0.02890625 0.105555555556
1 0.13203125 0.330555555556 0.02734375 0.111111111111
1 0.07109375 0.395833333333 0.03515625 0.119444444444
1 0.0125 0.518055555556 0.040625 0.119444444444
0 0.53828125 0.391666666667 0.021875 0.0666666666667
1 0.49921875 0.301388888889 0.0359375 0.104166666667
1 0.3171875 0.284722222222 0.03359375 0.109722222222
0 0.92578125 0.308333333333 0.034375 0.105555555556
