0 0.44375 0.370833333333 0.0265625 0.0930555555556
1 0.70078125 0.4 0.02734375 0.109722222222
0 0.84921875 0.384722222222 0.03046875 0.1
1 0.64765625 0.336111111111 0.03046875 0.101388888889
1 0.89296875 0.380555555556 0.02734375 0.108333333333
1 0.3640625 0.423611111111 0.02421875 0.115277777778
0 0.678125 0.5375 0.0359375 0.115277777778
1 0.38046875 0.373611111111 0.02265625 0.0930555555556
0 0.1125 0.880555555556 0.0546875 0.113888888889
0 0.353125 0.309722222222 0.0328125 0.0888888888889
0 0.178125 0.354166666667 0.02578125 0.0958333333333
1 0.1421875 0.340277777778 0.02734375 0.111111111111
1 0.06640625 0.419444444444 0.03515625 0.119444444444
1 0.003125 0.533333333333 0.040625 0.119444444444
0 0.5375 0.326388888889 0.0328125 0.0972222222222
1 0.51796875 0.3125 0.034375 0.1
1 0.31171875 0.306944444444 0.02734375 0.0902777777778
