1 0.7921875 0.501388888889 0.0328125 0.136111111111
0 0.68046875 0.315277777778 0.03203125 0.104166666667
0 0.31328125 0.370833333333 0.0390625 0.111111111111
1 0.30234375 0.380555555556 0.0421875 0.106944444444
1 0.68359375 0.376388888889 0.05234375 0.158333333333
0 0.67578125 0.331944444444 0.0421875 0.123611111111
1 0.5828125 0.297222222222 0.05625 0.134722222222
1 0.50234375 0.3625 0.04921875 0.106944444444
1 0.2484375 0.543055555556 0.04609375 0.15
0 0.2484375 0.802777777778 0.05703125 0.1875
