1 0.2984375 0.390277777778 0.02734375 0.109722222222
0 0.4328125 0.283333333333 0.04296875 0.141666666667
0 0.22734375 0.498611111111 0.0328125 0.104166666667
0 0.55078125 0.251388888889 0.0296875 0.0902777777778
0 0.125 0.231944444444 0.03671875 0.126388888889
1 0.25 0.265277777778 0.034375 0.125
0 0.13046875 0.275 0.034375 0.0694444444444
0 0.7421875 0.576388888889 0.05078125 0.169444444444
0 0.82265625 0.338888888889 0.03671875 0.123611111111
1 0.04296875 0.372222222222 0.0359375 0.15
1 0.0828125 0.270833333333 0.02734375 0.108333333333
0 0.07109375 0.234722222222 0.03359375 0.108333333333
1 0.4328125 0.284722222222 0.040625 0.148611111111
