0 0.4671875 0.363888888889 0.0265625 0.0930555555556
1 0.68671875 0.394444444444 0.02578125 0.104166666667
0 0.86171875 0.381944444444 0.03203125 0.105555555556
1 0.5921875 0.341666666667 0.02734375 0.0916666666667
1 0.87734375 0.365277777778 0.02734375 0.108333333333
1 0.39296875 0.405555555556 0.0265625 0.127777777778
0 0.69296875 0.519444444444 0.03828125 0.120833333333
1 0.434375 0.365277777778 0.02265625 0.0930555555556
0 0.075 0.865277777778 0.05234375 0.108333333333
0 0.40390625 0.304166666667 0.034375 0.0930555555556
0 0.1921875 0.352777777778 0.02890625 0.105555555556
1 0.15859375 0.340277777778 0.02734375 0.111111111111
1 0.09609375 0.408333333333 0.03359375 0.113888888889
1 0.0140625 0.529166666667 0.040625 0.119444444444
0 0.54453125 0.330555555556 0.0328125 0.0972222222222
1 0.52890625 0.330555555556 0.0265625 0.0777777777778
1 0.365625 0.302777777778 0.02734375 0.0902777777778
