1 0.3140625 0.398611111111 0.02890625 0.115277777778
0 0.465625 0.263888888889 0.05 0.163888888889
0 0.278125 0.484722222222 0.03828125 0.120833333333
0 0.5578125 0.229166666667 0.03125 0.0958333333333
0 0.12734375 0.202777777778 0.046875 0.161111111111
1 0.26875 0.233333333333 0.0421875 0.152777777778
0 0.1359375 0.259722222222 0.0328125 0.0666666666667
0 0.73359375 0.586111111111 0.04609375 0.154166666667
0 0.85703125 0.327777777778 0.03515625 0.118055555556
1 0.075 0.366666666667 0.0359375 0.15
1 0.1203125 0.25 0.02890625 0.113888888889
0 0.09140625 0.205555555556 0.03203125 0.102777777778
1 0.45859375 0.290277777778 0.040625 0.148611111111
