1 0.53046875 0.452777777778 0.0359375 0.15
0 0.40390625 0.3625 0.06015625 0.173611111111
1 0.61875 0.351388888889 0.0453125 0.136111111111
0 0.61796875 0.344444444444 0.0421875 0.123611111111
1 0.465625 0.376388888889 0.04921875 0.106944444444
1 0.25625 0.473611111111 0.04453125 0.143055555556
0 0.2609375 0.526388888889 0.0515625 0.169444444444
1 0.5421875 0.301388888889 0.05546875 0.181944444444
0 0.66796875 0.302777777778 0.0453125 0.130555555556
0 0.54296875 0.505555555556 0.04375 0.129166666667
1 0.90078125 0.401388888889 0.0546875 0.138888888889
0 0.425 0.379166666667 0.03125 0.126388888889
