1 0.40390625 0.5625 0.03203125 0.127777777778
0 0.49765625 0.620833333333 0.04609375 0.152777777778
1 0.2546875 0.513888888889 0.0328125 0.136111111111
1 0.5359375 0.443055555556 0.03203125 0.115277777778
0 0.22890625 0.319444444444 0.01796875 0.0861111111111
0 0.009375 0.256944444444 0.025 0.0819444444444
1 0.353125 0.372222222222 0.03671875 0.105555555556
0 0.5375 0.309722222222 0.04453125 0.118055555556
0 0.30234375 0.415277777778 0.03203125 0.130555555556
1 0.09140625 0.3625 0.0296875 0.0902777777778
0 0.7796875 0.448611111111 0.028125 0.122222222222
0 0.3171875 0.580555555556 0.028125 0.119444444444
