1 0.565625 0.601388888889 0.03359375 0.133333333333
0 0.6640625 0.572222222222 0.02734375 0.0861111111111
0 0.6234375 0.620833333333 0.04609375 0.152777777778
1 0.36953125 0.523611111111 0.03125 0.129166666667
1 0.62265625 0.466666666667 0.03046875 0.109722222222
1 0.10078125 0.420833333333 0.03203125 0.104166666667
1 0.10859375 0.305555555556 0.02734375 0.102777777778
0 0.325 0.326388888889 0.01796875 0.0861111111111
0 0.225 0.225 0.0265625 0.0861111111111
1 0.45390625 0.368055555556 0.03515625 0.1
1 0.00546875 0.413888888889 0.04375 0.105555555556
0 0.78125 0.3125 0.04453125 0.118055555556
0 0.5109375 0.3875 0.02734375 0.1125
0 0.20546875 0.330555555556 0.034375 0.126388888889
1 0.203125 0.330555555556 0.0359375 0.109722222222
0 0.0109375 0.759722222222 0.06640625 0.220833333333
