1 0.42109375 0.477777777778 0.02890625 0.115277777778
0 0.57578125 0.280555555556 0.0578125 0.188888888889
0 0.5640625 0.494444444444 0.02578125 0.0819444444444
0 0.6734375 0.220833333333 0.03125 0.0958333333333
1 0.40625 0.184722222222 0.0484375 0.176388888889
0 0.6546875 0.615277777778 0.0484375 0.161111111111
0 0.959375 0.341666666667 0.03515625 0.118055555556
1 0.1984375 0.420833333333 0.0328125 0.136111111111
1 0.203125 0.219444444444 0.02890625 0.113888888889
0 0.2 0.198611111111 0.03359375 0.108333333333
1 0.57578125 0.336111111111 0.03046875 0.109722222222
1 0.1359375 0.347222222222 0.03203125 0.102777777778
1 0.034375 0.258333333333 0.025 0.0930555555556
0 0.24140625 0.256944444444 0.025 0.120833333333
0 0.228125 0.293055555556 0.03125 0.0833333333333
