0 0.5125 0.376388888889 0.02421875 0.0833333333333
1 0.625 0.381944444444 0.02734375 0.109722222222
0 0.76875 0.347222222222 0.03046875 0.1
1 0.49609375 0.326388888889 0.03828125 0.129166666667
1 0.76875 0.340277777778 0.028125 0.1125
1 0.39921875 0.3875 0.02421875 0.115277777778
0 0.63359375 0.483333333333 0.034375 0.109722222222
1 0.47578125 0.345833333333 0.021875 0.0888888888889
0 0.3875 0.293055555556 0.0328125 0.0888888888889
0 0.1421875 0.354166666667 0.02890625 0.105555555556
1 0.11875 0.333333333333 0.02734375 0.111111111111
1 0.05859375 0.395833333333 0.03515625 0.119444444444
1 0.00078125 0.522222222222 0.040625 0.119444444444
0 0.52265625 0.398611111111 0.021875 0.0666666666667
1 0.4859375 0.298611111111 0.0359375 0.104166666667
1 0.303125 0.288888888889 0.03203125 0.104166666667
0 0.91796875 0.309722222222 0.034375 0.105555555556
