1 0.4515625 0.383333333333 0.03046875 0.120833333333
0 0.58671875 0.341666666667 0.03046875 0.1
1 0.5875 0.333333333333 0.028125 0.1125
1 0.23359375 0.4 0.02578125 0.120833333333
0 0.4125 0.486111111111 0.034375 0.109722222222
1 0.24375 0.343055555556 0.021875 0.0888888888889
0 0.2203125 0.293055555556 0.0328125 0.0888888888889
0 0.82421875 0.3 0.034375 0.105555555556
0 0.325 0.3 0.02734375 0.0944444444444
1 0.3640625 0.329166666667 0.03125 0.113888888889
0 0.3421875 0.388888888889 0.0359375 0.0736111111111
0 0.93203125 0.569444444444 0.05078125 0.169444444444
1 0.02578125 0.302777777778 0.03828125 0.111111111111
