1 0.39921875 0.443055555556 0.02734375 0.109722222222
0 0.55390625 0.266666666667 0.0578125 0.188888888889
0 0.4828125 0.490277777778 0.0296875 0.0944444444444
0 0.6375 0.219444444444 0.03125 0.0958333333333
0 0.20078125 0.211111111111 0.046875 0.161111111111
1 0.3578125 0.193055555556 0.04375 0.159722222222
0 0.20546875 0.263888888889 0.0359375 0.0736111111111
0 0.690625 0.569444444444 0.053125 0.177777777778
0 0.93203125 0.331944444444 0.03515625 0.118055555556
1 0.17265625 0.397222222222 0.034375 0.143055555556
1 0.18359375 0.2375 0.02734375 0.108333333333
0 0.178125 0.198611111111 0.03359375 0.108333333333
1 0.546875 0.315277777778 0.03515625 0.127777777778
1 0.103125 0.331944444444 0.03359375 0.108333333333
