1 0.70390625 0.541666666667 0.03046875 0.120833333333
1 0.403125 0.4875 0.0328125 0.136111111111
1 0.871875 0.416666666667 0.03359375 0.120833333333
0 0.60703125 0.308333333333 0.02265625 0.109722222222
0 0.18984375 0.283333333333 0.02890625 0.0944444444444
1 0.65625 0.323611111111 0.03203125 0.0916666666667
0 0.69765625 0.347222222222 0.02265625 0.0597222222222
0 0.69375 0.391666666667 0.03828125 0.156944444444
1 0.5171875 0.329166666667 0.0296875 0.0916666666667
0 0.53125 0.565277777778 0.02578125 0.108333333333
1 0.28359375 0.390277777778 0.02734375 0.108333333333
1 0.1515625 0.294444444444 0.03359375 0.0944444444444
0 0.1953125 0.344444444444 0.03359375 0.104166666667
1 0.1109375 0.351388888889 0.03203125 0.1125
0 0.0046875 0.377777777778 0.0453125 0.129166666667
