1 0.340625 0.409722222222 0.02890625 0.115277777778
0 0.49921875 0.259722222222 0.0546875 0.180555555556
0 0.34765625 0.479166666667 0.034375 0.109722222222
0 0.58046875 0.222222222222 0.03125 0.0958333333333
0 0.14453125 0.202777777778 0.0515625 0.177777777778
1 0.296875 0.222222222222 0.0421875 0.152777777778
0 0.159375 0.265277777778 0.0328125 0.0666666666667
0 0.7171875 0.590277777778 0.0484375 0.161111111111
0 0.88828125 0.323611111111 0.03359375 0.1125
1 0.1109375 0.373611111111 0.034375 0.143055555556
1 0.14375 0.241666666667 0.03203125 0.125
0 0.121875 0.191666666667 0.03359375 0.108333333333
1 0.48984375 0.294444444444 0.0390625 0.140277777778
1 0.03125 0.316666666667 0.03515625 0.113888888889
