1 0.61171875 0.615277777778 0.03046875 0.120833333333
0 0.77265625 0.556944444444 0.028125 0.0902777777778
0 0.70625 0.631944444444 0.05078125 0.169444444444
1 0.4 0.506944444444 0.0296875 0.123611111111
1 0.7 0.4125 0.03046875 0.109722222222
1 0.20546875 0.390277777778 0.03046875 0.0986111111111
1 0.18125 0.293055555556 0.0234375 0.0888888888889
0 0.38828125 0.301388888889 0.021875 0.104166666667
0 0.3265625 0.205555555556 0.025 0.0819444444444
1 0.51640625 0.341666666667 0.03359375 0.0958333333333
1 0.08203125 0.381944444444 0.04140625 0.1
0 0.875 0.2875 0.04921875 0.130555555556
0 0.6265625 0.348611111111 0.02734375 0.1125
0 0.00078125 0.427777777778 0.0375 0.113888888889
0 0.30078125 0.325 0.02421875 0.0902777777778
1 0.29765625 0.308333333333 0.034375 0.105555555556
0 0.08984375 0.747222222222 0.06015625 0.2
