0 0.453125 0.384722222222 0.02421875 0.0833333333333
1 0.55859375 0.3875 0.02734375 0.109722222222
0 0.6890625 0.356944444444 0.02890625 0.0958333333333
1 0.4375 0.320833333333 0.03828125 0.129166666667
1 0.6875 0.341666666667 0.028125 0.1125
1 0.3359375 0.388888888889 0.02578125 0.120833333333
0 0.5484375 0.491666666667 0.034375 0.109722222222
1 0.37890625 0.354166666667 0.01953125 0.0805555555556
0 0.31796875 0.293055555556 0.0328125 0.0888888888889
0 0.05546875 0.351388888889 0.03203125 0.115277777778
1 0.03828125 0.336111111111 0.028125 0.116666666667
0 0.4578125 0.405555555556 0.01953125 0.0569444444444
1 0.4421875 0.3125 0.0296875 0.0861111111111
1 0.19375 0.283333333333 0.03359375 0.109722222222
0 0.8796875 0.3125 0.034375 0.105555555556
