1 0.5296875 0.5375 0.02890625 0.115277777778
0 0.73359375 0.490277777778 0.02578125 0.0819444444444
0 0.67265625 0.6375 0.04609375 0.152777777778
1 0.33046875 0.440277777778 0.0296875 0.123611111111
1 0.696875 0.348611111111 0.02890625 0.104166666667
1 0.24921875 0.338888888889 0.03046875 0.0986111111111
1 0.18203125 0.251388888889 0.0234375 0.0888888888889
0 0.37890625 0.248611111111 0.025 0.120833333333
0 0.321875 0.294444444444 0.02734375 0.0722222222222
0 0.3390625 0.179166666667 0.025 0.0819444444444
1 0.32578125 0.2625 0.0265625 0.0861111111111
1 0.49453125 0.2875 0.03359375 0.0958333333333
1 0.08515625 0.333333333333 0.0390625 0.0958333333333
0 0.84921875 0.238888888889 0.03828125 0.102777777778
0 0.6734375 0.281944444444 0.03203125 0.130555555556
0 0.02578125 0.3625 0.0359375 0.108333333333
