0 0.42734375 0.370833333333 0.0265625 0.0930555555556
1 0.7109375 0.408333333333 0.02734375 0.109722222222
0 0.84140625 0.381944444444 0.03046875 0.1
1 0.68828125 0.3375 0.02734375 0.0916666666667
1 0.90078125 0.376388888889 0.02734375 0.108333333333
1 0.3484375 0.427777777778 0.02421875 0.115277777778
0 0.66796875 0.548611111111 0.034375 0.109722222222
1 0.3609375 0.380555555556 0.021875 0.0888888888889
0 0.12734375 0.881944444444 0.05234375 0.108333333333
0 0.31875 0.306944444444 0.0328125 0.0888888888889
1 0.321875 0.322222222222 0.02734375 0.075
0 0.17109375 0.358333333333 0.025 0.0902777777778
1 0.13125 0.35 0.02578125 0.105555555556
1 0.06171875 0.431944444444 0.03359375 0.113888888889
1 0.003125 0.523611111111 0.04296875 0.125
0 0.54296875 0.322222222222 0.03125 0.0930555555556
1 0.515625 0.323611111111 0.028125 0.0819444444444
