1 0.571875 0.561111111111 0.02890625 0.115277777778
0 0.88984375 0.625 0.05078125 0.169444444444
1 0.33203125 0.509722222222 0.0328125 0.136111111111
1 0.7296875 0.434722222222 0.03203125 0.115277777778
0 0.46015625 0.302777777778 0.02265625 0.109722222222
0 0.09609375 0.293055555556 0.0265625 0.0861111111111
1 0.55859375 0.336111111111 0.03359375 0.0958333333333
0 0.62421875 0.3375 0.02734375 0.0722222222222
0 0.53203125 0.409722222222 0.03671875 0.15
1 0.3703125 0.3375 0.0296875 0.0916666666667
0 0.39140625 0.581944444444 0.028125 0.119444444444
1 0.20234375 0.409722222222 0.0296875 0.119444444444
1 0.06796875 0.308333333333 0.03203125 0.0902777777778
0 0.08046875 0.384722222222 0.03359375 0.104166666667
1 0.02109375 0.383333333333 0.03203125 0.1125
