1 0.46875 0.568055555556 0.03046875 0.120833333333
0 0.69375 0.626388888889 0.0484375 0.161111111111
1 0.30546875 0.508333333333 0.03125 0.129166666667
1 0.63203125 0.445833333333 0.03203125 0.115277777778
0 0.33203125 0.304166666667 0.021875 0.104166666667
0 0.06328125 0.279166666667 0.02734375 0.0902777777778
1 0.48671875 0.358333333333 0.03515625 0.1
0 0.58984375 0.320833333333 0.03359375 0.0875
0 0.4 0.429166666667 0.03359375 0.136111111111
1 0.23359375 0.359722222222 0.03125 0.0958333333333
0 0.89765625 0.469444444444 0.03125 0.134722222222
0 0.32734375 0.588888888889 0.0296875 0.125
1 0.1265625 0.427777777778 0.0328125 0.131944444444
1 0.0296875 0.3125 0.03671875 0.105555555556
