1 0.35625 0.409722222222 0.02890625 0.115277777778
0 0.51328125 0.2625 0.0546875 0.180555555556
0 0.38125 0.483333333333 0.0328125 0.104166666667
0 0.59453125 0.219444444444 0.03125 0.0958333333333
0 0.15859375 0.208333333333 0.04921875 0.169444444444
1 0.31171875 0.218055555556 0.0421875 0.152777777778
0 0.17265625 0.261111111111 0.0328125 0.0666666666667
0 0.71171875 0.583333333333 0.053125 0.177777777778
0 0.9 0.318055555556 0.03515625 0.118055555556
1 0.1296875 0.373611111111 0.034375 0.143055555556
1 0.15703125 0.229166666667 0.03203125 0.125
0 0.13359375 0.184722222222 0.03203125 0.102777777778
1 0.50625 0.3 0.0390625 0.140277777778
1 0.0515625 0.323611111111 0.03359375 0.108333333333
