1 0.56171875 0.5625 0.02890625 0.115277777778
0 0.87578125 0.623611111111 0.05078125 0.169444444444
1 0.32890625 0.498611111111 0.034375 0.143055555556
1 0.721875 0.430555555556 0.03203125 0.115277777778
0 0.4484375 0.298611111111 0.02265625 0.109722222222
0 0.09140625 0.286111111111 0.0265625 0.0861111111111
1 0.55859375 0.336111111111 0.03359375 0.0958333333333
0 0.61640625 0.336111111111 0.02890625 0.075
0 0.5203125 0.416666666667 0.03671875 0.15
1 0.35859375 0.336111111111 0.0296875 0.0916666666667
0 0.38515625 0.577777777778 0.02734375 0.113888888889
1 0.196875 0.409722222222 0.0296875 0.119444444444
1 0.065625 0.304166666667 0.03203125 0.0902777777778
0 0.07578125 0.3875 0.03359375 0.104166666667
1 0.0171875 0.386111111111 0.03046875 0.106944444444
