1 0.8875 0.473611111111 0.0359375 0.15
0 0.9328125 0.315277777778 0.02890625 0.0944444444444
0 0.53125 0.331944444444 0.0453125 0.129166666667
1 0.49921875 0.35 0.04609375 0.118055555556
1 0.83359375 0.372222222222 0.05234375 0.158333333333
0 0.83046875 0.355555555556 0.046875 0.136111111111
1 0.78046875 0.293055555556 0.05859375 0.141666666667
1 0.678125 0.369444444444 0.04921875 0.106944444444
1 0.4375 0.476388888889 0.04375 0.141666666667
0 0.47421875 0.694444444444 0.06328125 0.206944444444
