0 0.43671875 0.372222222222 0.02578125 0.0875
1 0.7046875 0.405555555556 0.02734375 0.109722222222
0 0.84765625 0.380555555556 0.03046875 0.1
1 0.6625 0.340277777778 0.02734375 0.0916666666667
1 0.896875 0.377777777778 0.02734375 0.108333333333
1 0.35859375 0.419444444444 0.02421875 0.115277777778
0 0.67265625 0.543055555556 0.0359375 0.115277777778
1 0.37109375 0.369444444444 0.02265625 0.0930555555556
0 0.11796875 0.879166666667 0.0546875 0.113888888889
0 0.33984375 0.308333333333 0.0328125 0.0888888888889
0 0.1765625 0.355555555556 0.02578125 0.0958333333333
1 0.13515625 0.343055555556 0.02734375 0.111111111111
1 0.06328125 0.423611111111 0.03515625 0.119444444444
1 0.00625 0.531944444444 0.040625 0.119444444444
0 0.5390625 0.322222222222 0.03125 0.0930555555556
1 0.5203125 0.313888888889 0.028125 0.0819444444444
1 0.30546875 0.309722222222 0.02734375 0.0902777777778
