0 0.396875 0.380555555556 0.02578125 0.0875
1 0.53671875 0.333333333333 0.025 0.0819444444444
1 0.70859375 0.423611111111 0.02734375 0.109722222222
0 0.5359375 0.319444444444 0.028125 0.106944444444
0 0.81484375 0.391666666667 0.03046875 0.1
1 0.71953125 0.344444444444 0.02578125 0.0875
1 0.89296875 0.3875 0.02421875 0.0972222222222
1 0.31796875 0.443055555556 0.02421875 0.115277777778
0 0.63046875 0.561111111111 0.03828125 0.120833333333
1 0.33671875 0.3875 0.021875 0.0888888888889
0 0.13046875 0.888888888889 0.05 0.102777777778
0 0.24765625 0.302777777778 0.034375 0.0930555555556
1 0.240625 0.318055555556 0.02734375 0.075
0 0.128125 0.361111111111 0.02734375 0.1
1 0.0875 0.358333333333 0.02421875 0.1
1 0.05390625 0.443055555556 0.03359375 0.113888888889
1 0.00078125 0.531944444444 0.040625 0.119444444444
