0 0.4546875 0.3625 0.028125 0.0972222222222
1 0.69296875 0.397222222222 0.02734375 0.109722222222
0 0.859375 0.379166666667 0.03046875 0.1
1 0.615625 0.334722222222 0.02734375 0.0916666666667
1 0.88671875 0.375 0.02734375 0.108333333333
1 0.37734375 0.415277777778 0.02421875 0.115277777778
0 0.68515625 0.531944444444 0.03828125 0.120833333333
1 0.41015625 0.368055555556 0.02265625 0.0930555555556
0 0.09609375 0.877777777778 0.05 0.102777777778
0 0.37578125 0.305555555556 0.034375 0.0930555555556
0 0.18125 0.347222222222 0.03046875 0.109722222222
1 0.14765625 0.340277777778 0.02734375 0.111111111111
1 0.07421875 0.411111111111 0.03359375 0.113888888889
1 0.00078125 0.536111111111 0.040625 0.119444444444
0 0.54296875 0.322222222222 0.0328125 0.0972222222222
1 0.52421875 0.320833333333 0.03125 0.0902777777778
1 0.34609375 0.308333333333 0.02578125 0.0861111111111
