0 0.14921875 0.429166666667 0.0265625 0.0930555555556
1 0.2203125 0.390277777778 0.0265625 0.0861111111111
1 0.51328125 0.483333333333 0.02734375 0.109722222222
0 0.4046875 0.366666666667 0.0234375 0.0875
0 0.603125 0.425 0.02890625 0.0958333333333
1 0.5640625 0.35 0.0234375 0.0791666666667
0 0.64921875 0.340277777778 0.02734375 0.0916666666667
1 0.70234375 0.409722222222 0.0234375 0.0930555555556
1 0.09140625 0.495833333333 0.02421875 0.115277777778
0 0.2375 0.615277777778 0.03984375 0.126388888889
1 0.0421875 0.448611111111 0.02265625 0.0930555555556
