1 0.63515625 0.465277777778 0.0328125 0.136111111111
0 0.5171875 0.348611111111 0.0546875 0.158333333333
1 0.54609375 0.386111111111 0.0359375 0.0916666666667
1 0.65703125 0.361111111111 0.05 0.151388888889
0 0.6640625 0.351388888889 0.03828125 0.111111111111
1 0.540625 0.377777777778 0.04453125 0.0972222222222
1 0.38359375 0.468055555556 0.04453125 0.143055555556
0 0.37421875 0.588888888889 0.0515625 0.169444444444
1 0.58515625 0.373611111111 0.0453125 0.15
0 0.7671875 0.313888888889 0.04296875 0.125
0 0.78984375 0.519444444444 0.053125 0.158333333333
