1 0.475 0.568055555556 0.03046875 0.120833333333
0 0.70390625 0.627777777778 0.0484375 0.161111111111
1 0.30859375 0.505555555556 0.03125 0.129166666667
1 0.63828125 0.4375 0.03203125 0.115277777778
0 0.3390625 0.301388888889 0.021875 0.104166666667
0 0.06640625 0.280555555556 0.02734375 0.0902777777778
1 0.49296875 0.351388888889 0.03515625 0.1
0 0.58984375 0.316666666667 0.03359375 0.0875
0 0.40703125 0.426388888889 0.03359375 0.136111111111
1 0.240625 0.358333333333 0.03125 0.0958333333333
0 0.90390625 0.465277777778 0.0328125 0.141666666667
0 0.3328125 0.588888888889 0.0296875 0.125
1 0.1328125 0.429166666667 0.0328125 0.131944444444
1 0.03359375 0.313888888889 0.03671875 0.105555555556
0 0.01171875 0.397222222222 0.03359375 0.104166666667
