1 0.5046875 0.5 0.02734375 0.109722222222
0 0.68671875 0.468055555556 0.02578125 0.0819444444444
0 0.66171875 0.613888888889 0.04609375 0.152777777778
1 0.29765625 0.418055555556 0.028125 0.118055555556
1 0.665625 0.318055555556 0.03046875 0.109722222222
1 0.23046875 0.320833333333 0.02890625 0.0944444444444
1 0.15546875 0.233333333333 0.0265625 0.0972222222222
0 0.3484375 0.227777777778 0.0265625 0.126388888889
0 0.3046875 0.280555555556 0.0296875 0.0791666666667
0 0.3109375 0.172222222222 0.0265625 0.0861111111111
1 0.29921875 0.247222222222 0.0265625 0.0861111111111
1 0.465625 0.270833333333 0.03359375 0.0958333333333
1 0.06015625 0.322222222222 0.0390625 0.0958333333333
0 0.80390625 0.226388888889 0.03828125 0.102777777778
0 0.65859375 0.280555555556 0.03046875 0.123611111111
