0 0.42421875 0.380555555556 0.0234375 0.0805555555556
1 0.53359375 0.383333333333 0.02734375 0.109722222222
0 0.66484375 0.348611111111 0.02890625 0.0958333333333
1 0.41328125 0.320833333333 0.040625 0.136111111111
1 0.6625 0.338888888889 0.028125 0.1125
1 0.31015625 0.390277777778 0.02578125 0.120833333333
0 0.51484375 0.491666666667 0.034375 0.109722222222
1 0.34453125 0.352777777778 0.01953125 0.0805555555556
0 0.28984375 0.293055555556 0.0328125 0.0888888888889
0 0.01953125 0.348611111111 0.03515625 0.127777777778
1 0.00703125 0.341666666667 0.028125 0.116666666667
0 0.43125 0.401388888889 0.01953125 0.0569444444444
1 0.41875 0.311111111111 0.03125 0.0902777777778
1 0.153125 0.284722222222 0.03359375 0.109722222222
0 0.86953125 0.306944444444 0.0359375 0.109722222222
