1 0.43515625 0.586111111111 0.03203125 0.127777777778
0 0.4921875 0.625 0.05078125 0.169444444444
1 0.28125 0.530555555556 0.034375 0.143055555556
1 0.528125 0.4625 0.03515625 0.127777777778
0 0.2328125 0.3375 0.0171875 0.0819444444444
0 0.05703125 0.245833333333 0.0265625 0.0861111111111
1 0.353125 0.383333333333 0.04453125 0.127777777778
0 0.60234375 0.315277777778 0.0421875 0.1125
0 0.3453125 0.393055555556 0.03203125 0.130555555556
1 0.08671875 0.355555555556 0.0328125 0.1
0 0.83515625 0.441666666667 0.03125 0.134722222222
0 0.49375 0.598611111111 0.0390625 0.130555555556
