1 0.65234375 0.466666666667 0.034375 0.143055555556
0 0.534375 0.35 0.05234375 0.15
1 0.54375 0.397222222222 0.0359375 0.0916666666667
1 0.6625 0.366666666667 0.05234375 0.158333333333
0 0.67109375 0.351388888889 0.040625 0.116666666667
1 0.54296875 0.398611111111 0.0421875 0.0930555555556
1 0.39609375 0.458333333333 0.046875 0.15
0 0.3890625 0.594444444444 0.0515625 0.169444444444
1 0.5953125 0.370833333333 0.04765625 0.158333333333
0 0.7890625 0.309722222222 0.0453125 0.130555555556
0 0.8265625 0.530555555556 0.053125 0.158333333333
