1 0.39765625 0.440277777778 0.02734375 0.109722222222
0 0.55234375 0.261111111111 0.0578125 0.188888888889
0 0.4671875 0.488888888889 0.0296875 0.0944444444444
0 0.6328125 0.218055555556 0.0328125 0.1
0 0.19921875 0.213888888889 0.046875 0.161111111111
1 0.353125 0.195833333333 0.04375 0.159722222222
0 0.20390625 0.261111111111 0.034375 0.0694444444444
0 0.6984375 0.579166666667 0.05078125 0.169444444444
0 0.9296875 0.329166666667 0.03515625 0.118055555556
1 0.16875 0.393055555556 0.034375 0.143055555556
1 0.18203125 0.236111111111 0.02734375 0.108333333333
0 0.17578125 0.2 0.03359375 0.108333333333
1 0.54453125 0.311111111111 0.03515625 0.127777777778
1 0.1 0.327777777778 0.03359375 0.108333333333
