0 0.53984375 0.341666666667 0.0234375 0.0805555555556
1 0.6921875 0.380555555556 0.02578125 0.104166666667
0 0.8796875 0.354166666667 0.03046875 0.1
1 0.58515625 0.325 0.02890625 0.0958333333333
1 0.88046875 0.345833333333 0.028125 0.1125
1 0.44375 0.381944444444 0.028125 0.133333333333
0 0.7203125 0.488888888889 0.0359375 0.115277777778
1 0.5296875 0.341666666667 0.0203125 0.0847222222222
0 0.0609375 0.838888888889 0.05 0.102777777778
0 0.44765625 0.2875 0.034375 0.0930555555556
0 0.22734375 0.345833333333 0.02890625 0.105555555556
1 0.19296875 0.326388888889 0.02734375 0.111111111111
1 0.13515625 0.393055555556 0.03359375 0.113888888889
1 0.0578125 0.523611111111 0.04296875 0.125
0 0.56484375 0.338888888889 0.028125 0.0847222222222
1 0.5515625 0.320833333333 0.0296875 0.0861111111111
1 0.3875 0.284722222222 0.03203125 0.104166666667
