0 0.44921875 0.370833333333 0.0265625 0.0930555555556
1 0.696875 0.4 0.02890625 0.115277777778
0 0.85546875 0.379166666667 0.03046875 0.1
1 0.63359375 0.330555555556 0.02734375 0.0916666666667
1 0.8921875 0.369444444444 0.02734375 0.108333333333
1 0.36953125 0.422222222222 0.02421875 0.115277777778
0 0.68359375 0.536111111111 0.03828125 0.120833333333
1 0.39375 0.365277777778 0.02265625 0.0930555555556
0 0.10546875 0.884722222222 0.0546875 0.113888888889
0 0.36328125 0.3125 0.03125 0.0847222222222
0 0.1796875 0.351388888889 0.02890625 0.105555555556
1 0.14609375 0.343055555556 0.02734375 0.111111111111
1 0.0703125 0.418055555556 0.03359375 0.113888888889
1 0.0015625 0.533333333333 0.040625 0.119444444444
0 0.540625 0.327777777778 0.03125 0.0930555555556
1 0.51796875 0.302777777778 0.034375 0.1
1 0.32578125 0.308333333333 0.02890625 0.0944444444444
