1 0.734895833333 0.237962962963 0.025 0.119444444444
1 0.486979166667 0.643518518519 0.040625 0.15
1 0.446354166667 0.133333333333 0.0203125 0.0944444444444
1 0.367708333333 0.42962962963 0.05 0.149074074074
1 0.357291666667 0.728703703704 0.0885416666667 0.151851851852
0 0.3296875 0.403703703704 0.0458333333333 0.153703703704
0 0.520833333333 0.146296296296 0.0203125 0.107407407407
0 0.846875 0.346296296296 0.0385416666667 0.125
0 0.955729166667 0.105555555556 0.0229166666667 0.0907407407407
1 0.4859375 0.0388888888889 0.0239583333333 0.0851851851852
0 0.593229166667 0.000925925925926 0.0213541666667 0.0712962962963
1 0.205208333333 0.238888888889 0.0395833333333 0.108333333333
