1 0.272916666667 0.325 0.0265625 0.107407407407
0 0.428645833333 0.52037037037 0.0458333333333 0.123148148148
1 0.548958333333 0.24537037037 0.021875 0.0962962962963
1 0.639583333333 0.617592592593 0.0682291666667 0.165740740741
1 0.105208333333 0.540740740741 0.0307291666667 0.141666666667
0 0.414583333333 0.166666666667 0.0171875 0.0833333333333
0 0.1546875 0.741666666667 0.0640625 0.199074074074
1 0.453645833333 0.138888888889 0.0208333333333 0.0722222222222
1 0.369791666667 0.610185185185 0.0755208333333 0.147222222222
0 0.83125 0.375925925926 0.0255208333333 0.112037037037
1 0.814583333333 0.160185185185 0.0182291666667 0.0759259259259
1 0.385416666667 0.17962962963 0.0203125 0.0851851851852
0 0.530208333333 0.137962962963 0.015625 0.0796296296296
1 0.725520833333 0.397222222222 0.0416666666667 0.122222222222
0 0.744270833333 0.0703703703704 0.0135416666667 0.0537037037037
