1 0.583854166667 0.431481481481 0.0229166666667 0.123148148148
0 0.5578125 0.668518518519 0.0380208333333 0.142592592593
0 0.226041666667 0.387037037037 0.034375 0.0916666666667
1 0.970833333333 0.400925925926 0.0213541666667 0.112037037037
1 0.305729166667 0.738888888889 0.0390625 0.17037037037
0 0.765104166667 0.341666666667 0.0182291666667 0.0972222222222
1 0.801041666667 0.382407407407 0.0244791666667 0.114814814815
0 0.800520833333 0.512037037037 0.0270833333333 0.12037037037
1 0.298958333333 0.346296296296 0.0291666666667 0.0861111111111
0 0.965625 0.3 0.0119791666667 0.0611111111111
