1 0.346875 0.447222222222 0.0270833333333 0.117592592593
0 0.607291666667 0.666666666667 0.0348958333333 0.174074074074
0 0.0833333333333 0.57037037037 0.0364583333333 0.15
0 0.2359375 0.44537037037 0.0302083333333 0.14537037037
1 0.113020833333 0.418518518519 0.0328125 0.131481481481
1 0.4265625 0.548148148148 0.0286458333333 0.148148148148
0 0.458333333333 0.494444444444 0.0463541666667 0.15462962963
0 0.0 0.535185185185 0.0203125 0.122222222222
1 0.563020833333 0.473148148148 0.0260416666667 0.0611111111111
0 0.4703125 0.446296296296 0.0286458333333 0.0833333333333
1 0.965625 0.405555555556 0.0244791666667 0.0740740740741
