1 0.455208333333 0.406481481481 0.021875 0.119444444444
1 0.797916666667 0.348148148148 0.0307291666667 0.108333333333
0 0.549479166667 0.633333333333 0.0421875 0.15462962963
1 0.936979166667 0.381481481481 0.0255208333333 0.112962962963
1 0.8078125 0.55462962963 0.0385416666667 0.162037037037
0 0.647916666667 0.372222222222 0.025 0.0972222222222
0 0.971875 0.37037037037 0.0213541666667 0.102777777778
0 0.665625 0.442592592593 0.0244791666667 0.105555555556
1 0.0635416666667 0.462037037037 0.034375 0.146296296296
1 0.286458333333 0.361111111111 0.0260416666667 0.107407407407
0 0.542708333333 0.340740740741 0.0239583333333 0.0916666666667
0 0.274479166667 0.362962962963 0.0208333333333 0.107407407407
1 0.575520833333 0.30462962963 0.0229166666667 0.0740740740741
