1 0.205729166667 0.514814814815 0.0265625 0.132407407407
1 0.7046875 0.486111111111 0.0223958333333 0.128703703704
0 0.2546875 0.366666666667 0.0223958333333 0.0907407407407
1 0.546875 0.492592592593 0.0234375 0.116666666667
0 0.7875 0.473148148148 0.021875 0.12037037037
1 0.465104166667 0.377777777778 0.0223958333333 0.087037037037
0 0.26875 0.451851851852 0.0291666666667 0.0796296296296
1 0.413541666667 0.336111111111 0.01875 0.0851851851852
0 0.8875 0.548148148148 0.0213541666667 0.128703703704
0 0.3734375 0.380555555556 0.0213541666667 0.10462962963
1 0.435416666667 0.399074074074 0.0192708333333 0.0916666666667
0 0.5625 0.593518518519 0.0302083333333 0.133333333333
0 0.518229166667 0.365740740741 0.021875 0.0916666666667
1 0.178125 0.456481481481 0.028125 0.0925925925926
0 0.59375 0.407407407407 0.0192708333333 0.1
0 0.458333333333 0.469444444444 0.0203125 0.0990740740741
