1 0.321875 0.450925925926 0.0234375 0.12962962963
1 0.54375 0.336111111111 0.0208333333333 0.110185185185
0 0.932291666667 0.625925925926 0.0463541666667 0.169444444444
0 0.4921875 0.650925925926 0.0333333333333 0.151851851852
1 0.6078125 0.543518518519 0.0317708333333 0.159259259259
0 0.811458333333 0.461111111111 0.03125 0.118518518519
1 0.390625 0.548148148148 0.0333333333333 0.149074074074
1 0.422916666667 0.183333333333 0.0166666666667 0.0768518518519
0 0.522916666667 0.189814814815 0.01875 0.0796296296296
1 0.646875 0.883333333333 0.0416666666667 0.116666666667
0 0.416145833333 0.62037037037 0.0307291666667 0.123148148148
1 0.796354166667 0.214814814815 0.0182291666667 0.087037037037
0 0.753645833333 0.100925925926 0.0119791666667 0.0592592592593
0 0.802083333333 0.294444444444 0.0161458333333 0.102777777778
