0 0.876041666667 0.449074074074 0.040625 0.118518518519
1 0.200520833333 0.477777777778 0.0515625 0.148148148148
0 0.259895833333 0.37037037037 0.0369791666667 0.10462962963
0 0.239583333333 0.576851851852 0.0546875 0.155555555556
1 0.35 0.368518518519 0.0333333333333 0.0972222222222
0 0.0302083333333 0.388888888889 0.0307291666667 0.105555555556
1 0.0963541666667 0.372222222222 0.0333333333333 0.0972222222222
1 0.7046875 0.337962962963 0.0302083333333 0.0712962962963
0 0.802083333333 0.418518518519 0.0359375 0.0888888888889
1 0.000520833333333 0.380555555556 0.0328125 0.12037037037
