1 0.320833333333 0.340740740741 0.0265625 0.110185185185
0 0.521354166667 0.487962962963 0.0213541666667 0.124074074074
0 0.516666666667 0.708333333333 0.0411458333333 0.173148148148
1 0.1015625 0.202777777778 0.0208333333333 0.0925925925926
1 0.958333333333 0.378703703704 0.0229166666667 0.115740740741
1 0.2140625 0.628703703704 0.0307291666667 0.155555555556
0 0.701041666667 0.293518518519 0.021875 0.101851851852
0 0.9203125 0.237037037037 0.0208333333333 0.0833333333333
1 0.850520833333 0.307407407407 0.0203125 0.108333333333
1 0.4375 0.207407407407 0.0135416666667 0.0824074074074
0 0.825 0.161111111111 0.0130208333333 0.0768518518519
1 0.9109375 0.190740740741 0.0130208333333 0.05
1 0.4671875 0.0907407407407 0.0104166666667 0.05
