1 0.171875 0.375925925926 0.0348958333333 0.112037037037
1 0.269270833333 0.263888888889 0.0234375 0.110185185185
0 0.540104166667 0.326851851852 0.0328125 0.0888888888889
1 0.2984375 0.243518518519 0.0192708333333 0.111111111111
1 0.0822916666667 0.532407407407 0.0239583333333 0.157407407407
1 0.978125 0.371296296296 0.021875 0.109259259259
0 0.6453125 0.448148148148 0.0270833333333 0.12037037037
1 0.48125 0.412962962963 0.0421875 0.112962962963
1 0.6125 0.464814814815 0.034375 0.121296296296
1 0.575 0.338888888889 0.0416666666667 0.124074074074
1 0.617708333333 0.258333333333 0.0223958333333 0.0935185185185
0 0.253125 0.482407407407 0.0375 0.134259259259
0 0.394270833333 0.386111111111 0.0348958333333 0.14537037037
0 0.3921875 0.249074074074 0.0182291666667 0.0898148148148
1 0.396354166667 0.312037037037 0.0260416666667 0.0824074074074
0 0.750520833333 0.218518518519 0.0364583333333 0.0925925925926
