0 0.221875 0.614814814815 0.0333333333333 0.122222222222
0 0.547916666667 0.39537037037 0.0265625 0.0777777777778
1 0.369791666667 0.502777777778 0.0302083333333 0.10462962963
1 0.676041666667 0.655555555556 0.0453125 0.12037037037
1 0.255729166667 0.35462962963 0.0223958333333 0.0722222222222
0 0.0598958333333 0.406481481481 0.0276041666667 0.0722222222222
1 0.874479166667 0.364814814815 0.0255208333333 0.0759259259259
1 0.724479166667 0.367592592593 0.0213541666667 0.0657407407407
0 0.966145833333 0.625925925926 0.0338541666667 0.102777777778
1 0.434375 0.300925925926 0.0192708333333 0.0287037037037
