0 0.245833333333 0.655555555556 0.0401041666667 0.171296296296
0 0.392708333333 0.334259259259 0.0203125 0.114814814815
1 0.511979166667 0.455555555556 0.0302083333333 0.14537037037
1 0.238020833333 0.363888888889 0.0270833333333 0.126851851852
0 0.576041666667 0.388888888889 0.0229166666667 0.131481481481
0 0.113020833333 0.473148148148 0.028125 0.0916666666667
1 0.107291666667 0.52962962963 0.0333333333333 0.160185185185
1 0.5125 0.325925925926 0.0234375 0.0962962962963
0 0.471354166667 0.325 0.0192708333333 0.105555555556
0 0.978125 0.497222222222 0.0203125 0.108333333333
1 0.786458333333 0.357407407407 0.0244791666667 0.101851851852
