1 0.408333333333 0.312962962963 0.0296875 0.0851851851852
1 0.914583333333 0.134259259259 0.0239583333333 0.0657407407407
1 0.778125 0.239814814815 0.0270833333333 0.0925925925926
1 0.566666666667 0.583333333333 0.0411458333333 0.12037037037
0 0.477083333333 0.683333333333 0.0567708333333 0.156481481481
0 0.833333333333 0.214814814815 0.0197916666667 0.0935185185185
0 0.740104166667 0.165740740741 0.025 0.0666666666667
1 0.978645833333 0.436111111111 0.0213541666667 0.112037037037
0 0.9265625 0.406481481481 0.0375 0.0981481481481
1 0.209895833333 0.184259259259 0.0307291666667 0.075
0 0.341666666667 0.202777777778 0.0239583333333 0.0675925925926
0 0.671354166667 0.201851851852 0.01875 0.0759259259259
1 0.679166666667 0.147222222222 0.0192708333333 0.0703703703704
0 0.6 0.137037037037 0.0140625 0.0388888888889
