1 0.491145833333 0.690740740741 0.0546875 0.233333333333
0 0.680208333333 0.613888888889 0.0463541666667 0.2
0 0.806770833333 0.448148148148 0.0604166666667 0.213888888889
1 0.0588541666667 0.480555555556 0.0541666666667 0.200925925926
0 0.825 0.737962962963 0.059375 0.221296296296
1 0.941666666667 0.499074074074 0.0484375 0.205555555556
0 0.361458333333 0.464814814815 0.0453125 0.211111111111
0 0.40625 0.597222222222 0.04375 0.212962962963
1 0.408333333333 0.444444444444 0.0442708333333 0.169444444444
1 0.484375 0.457407407407 0.0640625 0.100925925926
0 0.452083333333 0.44537037037 0.0515625 0.12037037037
