1 0.781770833333 0.506481481481 0.0375 0.109259259259
1 0.218229166667 0.45462962963 0.0255208333333 0.107407407407
1 0.6828125 0.316666666667 0.0213541666667 0.0759259259259
1 0.643229166667 0.527777777778 0.0265625 0.115740740741
0 0.752604166667 0.649074074074 0.0546875 0.128703703704
0 0.247916666667 0.617592592593 0.0447916666667 0.130555555556
0 0.336979166667 0.481481481481 0.0317708333333 0.0925925925926
0 0.152083333333 0.335185185185 0.015625 0.087037037037
0 0.813541666667 0.501851851852 0.0494791666667 0.10462962963
0 0.755729166667 0.315740740741 0.0213541666667 0.0814814814815
0 0.465625 0.392592592593 0.0213541666667 0.0824074074074
0 0.878645833333 0.54537037037 0.0442708333333 0.103703703704
1 0.297395833333 0.20462962963 0.0135416666667 0.0481481481481
0 0.6265625 0.258333333333 0.0130208333333 0.0546296296296
