1 0.536458333333 0.398148148148 0.0234375 0.116666666667
1 0.0916666666667 0.443518518519 0.03125 0.119444444444
1 0.328125 0.75 0.0421875 0.19537037037
0 0.6625 0.503703703704 0.0286458333333 0.118518518519
1 0.6734375 0.601851851852 0.0416666666667 0.162037037037
0 0.59375 0.414814814815 0.028125 0.087037037037
0 0.959895833333 0.678703703704 0.0390625 0.173148148148
1 0.8421875 0.513888888889 0.03125 0.128703703704
0 0.388020833333 0.421296296296 0.0307291666667 0.117592592593
0 0.271875 0.390740740741 0.0270833333333 0.112962962963
1 0.603645833333 0.477777777778 0.0328125 0.133333333333
0 0.847395833333 0.473148148148 0.0286458333333 0.0638888888889
0 0.409375 0.362037037037 0.025 0.0722222222222
