1 0.485416666667 0.666666666667 0.0354166666667 0.165740740741
1 0.678125 0.408333333333 0.0223958333333 0.110185185185
1 0.5046875 0.340740740741 0.03125 0.0898148148148
0 0.406770833333 0.465740740741 0.0302083333333 0.110185185185
0 0.730729166667 0.423148148148 0.0302083333333 0.0972222222222
0 0.702083333333 0.336111111111 0.0265625 0.0787037037037
1 0.0697916666667 0.415740740741 0.034375 0.110185185185
1 0.21875 0.319444444444 0.0286458333333 0.0916666666667
0 0.964583333333 0.674074074074 0.0348958333333 0.161111111111
0 0.109375 0.327777777778 0.0203125 0.0851851851852
