1 0.136979166667 0.57962962963 0.0333333333333 0.167592592593
0 0.894791666667 0.439814814815 0.0276041666667 0.131481481481
0 0.585416666667 0.517592592593 0.0208333333333 0.123148148148
1 0.905208333333 0.561111111111 0.0270833333333 0.146296296296
1 0.602083333333 0.525925925926 0.0260416666667 0.130555555556
1 0.147395833333 0.388888888889 0.0234375 0.113888888889
0 0.435416666667 0.397222222222 0.0161458333333 0.101851851852
1 0.572916666667 0.349074074074 0.021875 0.109259259259
0 0.7328125 0.912962962963 0.03125 0.087037037037
0 0.777604166667 0.337037037037 0.0192708333333 0.10462962963
