0 0.522395833333 0.474074074074 0.0286458333333 0.105555555556
0 0.732291666667 0.532407407407 0.0244791666667 0.127777777778
1 0.709375 0.317592592593 0.03125 0.0898148148148
1 0.409375 0.55462962963 0.0411458333333 0.134259259259
0 0.111458333333 0.686111111111 0.0328125 0.15
0 0.477083333333 0.577777777778 0.0385416666667 0.112962962963
1 0.2828125 0.464814814815 0.0234375 0.110185185185
0 0.2296875 0.450925925926 0.0223958333333 0.109259259259
1 0.2 0.394444444444 0.0177083333333 0.0944444444444
1 0.3078125 0.425 0.0260416666667 0.0888888888889
0 0.40625 0.443518518519 0.0260416666667 0.062037037037
0 0.208854166667 0.336111111111 0.0135416666667 0.0574074074074
