1 0.358854166667 0.602777777778 0.0125 0.0481481481481
1 0.236979166667 0.421296296296 0.0109375 0.0435185185185
1 0.328645833333 0.491666666667 0.0104166666667 0.0453703703704
1 0.200520833333 0.59537037037 0.0104166666667 0.0546296296296
1 0.474479166667 0.469444444444 0.0119791666667 0.0388888888889
1 0.367708333333 0.333333333333 0.00885416666667 0.0342592592593
0 0.449479166667 0.47037037037 0.00885416666667 0.0388888888889
0 0.157291666667 0.762037037037 0.0244791666667 0.0731481481481
0 0.263541666667 0.361111111111 0.0125 0.0555555555556
0 0.5890625 0.24537037037 0.0104166666667 0.0333333333333
0 0.472916666667 0.298148148148 0.0104166666667 0.0398148148148
0 0.302083333333 0.278703703704 0.0078125 0.0305555555556
1 0.448958333333 0.336111111111 0.00885416666667 0.0407407407407
0 0.2546875 0.521296296296 0.0114583333333 0.0444444444444
0 0.655208333333 0.360185185185 0.0104166666667 0.0416666666667
1 0.480208333333 0.678703703704 0.0161458333333 0.0694444444444
1 0.289583333333 0.276851851852 0.00885416666667 0.0314814814815
1 0.483854166667 0.286111111111 0.00833333333333 0.0342592592593
