1 0.275520833333 0.700925925926 0.0630208333333 0.175925925926
0 0.319270833333 0.318518518519 0.0286458333333 0.102777777778
1 0.288020833333 0.3 0.0229166666667 0.0972222222222
0 0.624479166667 0.296296296296 0.0203125 0.0953703703704
1 0.874479166667 0.353703703704 0.0234375 0.112962962963
0 0.486458333333 0.364814814815 0.0197916666667 0.0944444444444
1 0.363020833333 0.37962962963 0.0395833333333 0.0953703703704
0 0.940104166667 0.325 0.0223958333333 0.0972222222222
0 0.753125 0.425925925926 0.0239583333333 0.106481481481
0 0.6125 0.572222222222 0.034375 0.150925925926
1 0.7734375 0.305555555556 0.0197916666667 0.0962962962963
0 0.777083333333 0.231481481481 0.0197916666667 0.0861111111111
1 0.5234375 0.200925925926 0.0140625 0.0657407407407
