1 0.0760416666667 0.283333333333 0.0348958333333 0.128703703704
1 0.586979166667 0.3 0.021875 0.1
0 0.6359375 0.316666666667 0.0286458333333 0.111111111111
1 0.208854166667 0.234259259259 0.0208333333333 0.115740740741
1 0.4765625 0.340740740741 0.0255208333333 0.117592592593
1 0.419791666667 0.35 0.025 0.121296296296
0 0.1578125 0.450925925926 0.0302083333333 0.138888888889
0 0.2453125 0.237037037037 0.0234375 0.109259259259
0 0.0 0.292592592593 0.0182291666667 0.117592592593
0 0.499479166667 0.35462962963 0.0333333333333 0.112962962963
0 0.969791666667 0.565740740741 0.0291666666667 0.169444444444
1 0.746875 0.344444444444 0.0359375 0.126851851852
0 0.690104166667 0.248148148148 0.0166666666667 0.110185185185
