1 0.573958333333 0.466666666667 0.0255208333333 0.122222222222
1 0.503125 0.409259259259 0.0223958333333 0.128703703704
1 0.390625 0.776851851852 0.0526041666667 0.171296296296
0 0.638541666667 0.387037037037 0.0197916666667 0.111111111111
1 0.9578125 0.451851851852 0.0276041666667 0.126851851852
1 0.331770833333 0.475 0.0265625 0.139814814815
0 0.5390625 0.717592592593 0.0427083333333 0.152777777778
0 0.290104166667 0.464814814815 0.0223958333333 0.131481481481
1 0.469270833333 0.558333333333 0.028125 0.133333333333
0 0.1953125 0.637962962963 0.0234375 0.137962962963
1 0.390625 0.571296296296 0.0333333333333 0.143518518519
1 0.607291666667 0.658333333333 0.0322916666667 0.173148148148
1 0.1578125 0.618518518519 0.0208333333333 0.12962962963
1 0.698958333333 0.322222222222 0.025 0.087962962963
1 0.168229166667 0.335185185185 0.0197916666667 0.10462962963
0 0.785416666667 0.872222222222 0.0317708333333 0.126851851852
