1 0.713541666667 0.42962962963 0.0223958333333 0.122222222222
0 0.481770833333 0.415740740741 0.0151041666667 0.106481481481
0 0.830208333333 0.77962962963 0.0364583333333 0.164814814815
1 0.7375 0.808333333333 0.034375 0.187962962963
1 0.141666666667 0.433333333333 0.0270833333333 0.10462962963
1 0.444791666667 0.415740740741 0.0171875 0.100925925926
1 0.575520833333 0.610185185185 0.0270833333333 0.138888888889
1 0.0 0.787962962963 0.0421875 0.194444444444
0 0.953645833333 0.477777777778 0.0244791666667 0.127777777778
1 0.846354166667 0.461111111111 0.0244791666667 0.118518518519
0 0.680729166667 0.475925925926 0.0203125 0.123148148148
0 0.633854166667 0.377777777778 0.0182291666667 0.0962962962963
0 0.682291666667 0.402777777778 0.0161458333333 0.0851851851852
0 0.378645833333 0.411111111111 0.021875 0.102777777778
0 0.840625 0.455555555556 0.0177083333333 0.112037037037
