1 0.484895833333 0.453703703704 0.0208333333333 0.105555555556
0 0.797395833333 0.380555555556 0.0182291666667 0.0916666666667
1 0.728645833333 0.616666666667 0.0296875 0.123148148148
0 0.777604166667 0.557407407407 0.0286458333333 0.0962962962963
1 0.9140625 0.355555555556 0.0229166666667 0.0787037037037
1 0.342708333333 0.575 0.04375 0.138888888889
0 0.921875 0.258333333333 0.0114583333333 0.0407407407407
1 0.971875 0.588888888889 0.0265625 0.109259259259
0 0.522395833333 0.287037037037 0.0125 0.0601851851852
1 0.475520833333 0.719444444444 0.0338541666667 0.127777777778
0 0.7296875 0.780555555556 0.0546875 0.148148148148
1 0.38125 0.298148148148 0.015625 0.0787037037037
1 0.508854166667 0.223148148148 0.0114583333333 0.0481481481481
