0 0.352083333333 0.45462962963 0.028125 0.124074074074
1 0.577083333333 0.412962962963 0.03125 0.137037037037
0 0.211979166667 0.398148148148 0.03125 0.12962962963
0 0.613020833333 0.4 0.0260416666667 0.134259259259
1 0.402604166667 0.498148148148 0.0244791666667 0.125
1 0.108854166667 0.355555555556 0.03125 0.108333333333
0 0.7203125 0.54537037037 0.0265625 0.162037037037
1 0.441145833333 0.337962962963 0.0223958333333 0.0962962962963
1 0.572395833333 0.303703703704 0.0260416666667 0.0935185185185
0 0.649479166667 0.930555555556 0.0380208333333 0.0685185185185
0 0.0755208333333 0.334259259259 0.021875 0.0916666666667
