1 0.640104166667 0.463888888889 0.0244791666667 0.132407407407
1 0.714583333333 0.416666666667 0.0234375 0.125
1 0.0505208333333 0.446296296296 0.0244791666667 0.148148148148
0 0.6828125 0.444444444444 0.025 0.117592592593
0 0.9171875 0.800925925926 0.0364583333333 0.192592592593
1 0.1171875 0.399074074074 0.0239583333333 0.112962962963
1 0.629166666667 0.348148148148 0.0276041666667 0.0953703703704
0 0.534375 0.366666666667 0.0171875 0.0907407407407
0 0.797395833333 0.423148148148 0.01875 0.116666666667
1 0.435416666667 0.362962962963 0.0192708333333 0.0925925925926
