1 0.718229166667 0.286111111111 0.0307291666667 0.109259259259
0 0.228645833333 0.231481481481 0.0296875 0.0907407407407
1 0.0947916666667 0.509259259259 0.053125 0.148148148148
0 0.803645833333 0.683333333333 0.0515625 0.137962962963
1 0.678645833333 0.608333333333 0.0677083333333 0.134259259259
0 0.876041666667 0.292592592593 0.03125 0.0990740740741
0 0.647916666667 0.308333333333 0.0244791666667 0.0944444444444
0 0.801041666667 0.405555555556 0.0354166666667 0.0851851851852
1 0.874479166667 0.510185185185 0.0307291666667 0.108333333333
1 0.519791666667 0.314814814815 0.0286458333333 0.0796296296296
0 0.6375 0.191666666667 0.0270833333333 0.0685185185185
1 0.0395833333333 0.237962962963 0.0286458333333 0.0935185185185
1 0.875520833333 0.424074074074 0.0333333333333 0.0731481481481
1 0.688020833333 0.221296296296 0.0208333333333 0.0666666666667
