1 0.0557291666667 0.376851851852 0.0296875 0.12962962963
0 0.665104166667 0.45462962963 0.0255208333333 0.113888888889
1 0.875520833333 0.363888888889 0.0296875 0.109259259259
1 0.594270833333 0.343518518519 0.0265625 0.108333333333
1 0.972395833333 0.336111111111 0.025 0.108333333333
0 0.234375 0.309259259259 0.0208333333333 0.103703703704
1 0.59375 0.438888888889 0.0260416666667 0.140740740741
1 0.286458333333 0.292592592593 0.0213541666667 0.0916666666667
0 0.504166666667 0.897222222222 0.040625 0.0990740740741
0 0.729166666667 0.327777777778 0.0192708333333 0.0972222222222
0 0.340625 0.289814814815 0.0255208333333 0.0962962962963
