1 0.6203125 0.785185185185 0.0395833333333 0.202777777778
1 0.61875 0.327777777778 0.040625 0.142592592593
1 0.314583333333 0.486111111111 0.0442708333333 0.165740740741
1 0.0239583333333 0.321296296296 0.0458333333333 0.137037037037
0 0.521875 0.325925925926 0.0442708333333 0.134259259259
1 0.2046875 0.858333333333 0.0364583333333 0.139814814815
0 0.344791666667 0.827777777778 0.0427083333333 0.161111111111
0 0.385416666667 0.422222222222 0.0421875 0.12962962963
1 0.909895833333 0.537962962963 0.0364583333333 0.189814814815
0 0.0854166666667 0.316666666667 0.0359375 0.117592592593
0 0.775520833333 0.466666666667 0.0375 0.140740740741
0 0.7890625 0.319444444444 0.03125 0.14537037037
1 0.266666666667 0.199074074074 0.0291666666667 0.119444444444
1 0.865104166667 0.342592592593 0.025 0.115740740741
0 0.869270833333 0.424074074074 0.0557291666667 0.0962962962963
