1 0.0677083333333 0.463888888889 0.0255208333333 0.135185185185
1 0.716145833333 0.344444444444 0.025 0.103703703704
1 0.7296875 0.433333333333 0.021875 0.124074074074
0 0.559375 0.362962962963 0.0244791666667 0.100925925926
0 0.844791666667 0.42962962963 0.0239583333333 0.127777777778
1 0.1640625 0.389814814815 0.0239583333333 0.119444444444
0 0.925520833333 0.844444444444 0.040625 0.155555555556
1 0.422916666667 0.361111111111 0.025 0.102777777778
1 0.684895833333 0.499074074074 0.028125 0.136111111111
1 0.688541666667 0.462962962963 0.0255208333333 0.0685185185185
