0 0.4046875 0.762962962963 0.0359375 0.172222222222
0 0.135416666667 0.384259259259 0.0364583333333 0.109259259259
0 0.40625 0.386111111111 0.0192708333333 0.103703703704
1 0.208333333333 0.586111111111 0.0442708333333 0.162962962963
1 0.507291666667 0.5 0.046875 0.137037037037
1 0.291145833333 0.341666666667 0.0270833333333 0.1
0 0.669791666667 0.384259259259 0.0197916666667 0.110185185185
1 0.4390625 0.401851851852 0.0260416666667 0.12037037037
1 0.504166666667 0.350925925926 0.0203125 0.1
0 0.4703125 0.351851851852 0.0223958333333 0.0851851851852
0 0.350520833333 0.344444444444 0.0208333333333 0.0981481481481
0 0.715625 0.47962962963 0.0447916666667 0.1
