0 0.6734375 0.460185185185 0.0234375 0.139814814815
1 0.189583333333 0.389814814815 0.025 0.117592592593
1 0.913020833333 0.533333333333 0.0359375 0.161111111111
0 0.145833333333 0.533333333333 0.034375 0.159259259259
1 0.7203125 0.396296296296 0.0302083333333 0.117592592593
0 0.8328125 0.398148148148 0.021875 0.117592592593
0 0.652604166667 0.617592592593 0.0348958333333 0.15462962963
1 0.286979166667 0.634259259259 0.0255208333333 0.178703703704
1 0.4765625 0.477777777778 0.0395833333333 0.147222222222
1 0.315104166667 0.300925925926 0.0197916666667 0.0916666666667
0 0.480729166667 0.417592592593 0.0239583333333 0.0888888888889
0 0.497395833333 0.387037037037 0.0270833333333 0.100925925926
