1 0.477083333333 0.618518518519 0.059375 0.147222222222
0 0.148958333333 0.180555555556 0.0276041666667 0.100925925926
1 0.658333333333 0.384259259259 0.03125 0.114814814815
1 0.586458333333 0.25 0.0239583333333 0.101851851852
1 0.335416666667 0.311111111111 0.0291666666667 0.110185185185
0 0.489583333333 0.294444444444 0.0270833333333 0.103703703704
0 0.605208333333 0.662962962963 0.0760416666667 0.132407407407
1 0.701041666667 0.60462962963 0.0421875 0.152777777778
0 0.628125 0.436111111111 0.0296875 0.101851851852
1 0.934895833333 0.310185185185 0.0317708333333 0.111111111111
0 0.799479166667 0.231481481481 0.0208333333333 0.0972222222222
1 0.909375 0.275 0.0270833333333 0.105555555556
1 0.35 0.460185185185 0.0265625 0.0694444444444
0 0.15 0.406481481481 0.0348958333333 0.143518518519
0 0.603125 0.17037037037 0.0192708333333 0.0759259259259
0 0.495833333333 0.132407407407 0.0213541666667 0.075
