0 0.532291666667 0.857407407407 0.0427083333333 0.139814814815
1 0.647916666667 0.690740740741 0.0427083333333 0.171296296296
0 0.873958333333 0.475925925926 0.0322916666667 0.102777777778
1 0.797395833333 0.508333333333 0.0416666666667 0.127777777778
0 0.534375 0.365740740741 0.0260416666667 0.0972222222222
1 0.915625 0.4 0.0333333333333 0.112962962963
1 0.248958333333 0.368518518519 0.0255208333333 0.113888888889
1 0.0864583333333 0.57037037037 0.0317708333333 0.15462962963
0 0.9015625 0.333333333333 0.0213541666667 0.0833333333333
0 0.272916666667 0.600925925926 0.0364583333333 0.150925925926
0 0.454166666667 0.319444444444 0.0260416666667 0.087962962963
1 0.3171875 0.300925925926 0.028125 0.0833333333333
