1 0.351041666667 0.280555555556 0.0161458333333 0.0888888888889
1 0.205729166667 0.394444444444 0.0255208333333 0.125925925926
1 0.309895833333 0.351851851852 0.0203125 0.102777777778
0 0.750520833333 0.40462962963 0.0265625 0.125925925926
0 0.335416666667 0.431481481481 0.0255208333333 0.100925925926
0 0.50625 0.348148148148 0.0265625 0.0972222222222
1 0.116145833333 0.467592592593 0.0348958333333 0.12037037037
1 0.808333333333 0.45462962963 0.0359375 0.117592592593
0 0.851041666667 0.481481481481 0.040625 0.124074074074
0 0.432291666667 0.314814814815 0.0182291666667 0.0805555555556
0 0.558333333333 0.582407407407 0.0375 0.144444444444
0 0.433333333333 0.387037037037 0.0223958333333 0.102777777778
1 0.577604166667 0.377777777778 0.021875 0.122222222222
0 0.5859375 0.388888888889 0.0286458333333 0.113888888889
0 0.169791666667 0.305555555556 0.0192708333333 0.0861111111111
