1 0.296354166667 0.521296296296 0.0447916666667 0.124074074074
0 0.0973958333333 0.605555555556 0.0411458333333 0.172222222222
1 0.134375 0.312037037037 0.0291666666667 0.101851851852
0 0.614583333333 0.372222222222 0.0286458333333 0.087962962963
0 0.451041666667 0.602777777778 0.0375 0.138888888889
1 0.7390625 0.321296296296 0.01875 0.0953703703704
1 0.415104166667 0.490740740741 0.0302083333333 0.136111111111
1 0.922916666667 0.524074074074 0.0296875 0.127777777778
1 0.958854166667 0.391666666667 0.0255208333333 0.110185185185
0 0.892708333333 0.283333333333 0.0244791666667 0.0861111111111
1 0.561979166667 0.375 0.0296875 0.0842592592593
1 0.541145833333 0.532407407407 0.0265625 0.141666666667
