0 0.520833333333 0.793518518519 0.0369791666667 0.178703703704
1 0.3421875 0.848148148148 0.046875 0.151851851852
1 0.836458333333 0.537962962963 0.046875 0.136111111111
1 0.3296875 0.628703703704 0.0317708333333 0.164814814815
0 0.4953125 0.415740740741 0.0260416666667 0.105555555556
1 0.416145833333 0.388888888889 0.0307291666667 0.100925925926
1 0.696354166667 0.292592592593 0.0302083333333 0.0898148148148
1 0.396354166667 0.478703703704 0.0411458333333 0.157407407407
0 0.5796875 0.599074074074 0.0359375 0.137962962963
1 0.966145833333 0.815740740741 0.0338541666667 0.164814814815
0 0.234375 0.309259259259 0.0182291666667 0.0842592592593
1 0.0473958333333 0.507407407407 0.0333333333333 0.118518518519
0 0.881770833333 0.618518518519 0.0296875 0.172222222222
0 0.695833333333 0.496296296296 0.034375 0.112962962963
0 0.440625 0.376851851852 0.028125 0.0842592592593
