0 0.143229166667 0.35462962963 0.0260416666667 0.141666666667
0 0.719270833333 0.57962962963 0.0567708333333 0.150925925926
1 0.389583333333 0.393518518519 0.0192708333333 0.125
0 0.6625 0.339814814815 0.0213541666667 0.110185185185
0 0.477604166667 0.314814814815 0.025 0.114814814815
1 0.8140625 0.425925925926 0.0338541666667 0.138888888889
0 0.9109375 0.412037037037 0.0322916666667 0.115740740741
1 0.153645833333 0.524074074074 0.0421875 0.162037037037
1 0.916145833333 0.521296296296 0.0338541666667 0.15
1 0.507291666667 0.299074074074 0.0197916666667 0.087037037037
1 0.827604166667 0.308333333333 0.03125 0.106481481481
1 0.932291666667 0.346296296296 0.0265625 0.12962962963
