1 0.453645833333 0.411111111111 0.0244791666667 0.107407407407
1 0.4640625 0.548148148148 0.0359375 0.148148148148
0 0.808854166667 0.388888888889 0.0359375 0.107407407407
0 0.261979166667 0.258333333333 0.021875 0.115740740741
0 0.335416666667 0.436111111111 0.0348958333333 0.105555555556
0 0.28125 0.485185185185 0.0401041666667 0.133333333333
0 0.629166666667 0.1 0.0229166666667 0.0824074074074
0 0.8984375 0.658333333333 0.0505208333333 0.17037037037
1 0.838020833333 0.189814814815 0.0203125 0.111111111111
1 0.245833333333 0.232407407407 0.01875 0.101851851852
1 0.0333333333333 0.369444444444 0.0328125 0.101851851852
1 0.560416666667 0.137037037037 0.0151041666667 0.0805555555556
1 0.665104166667 0.261111111111 0.0192708333333 0.0962962962963
0 0.3921875 0.266666666667 0.0213541666667 0.0981481481481
1 0.0567708333333 0.116666666667 0.0213541666667 0.0861111111111
1 0.404166666667 0.216666666667 0.0192708333333 0.0796296296296
