1 0.10625 0.583333333333 0.0296875 0.143518518519
0 0.532291666667 0.365740740741 0.0244791666667 0.105555555556
0 0.644270833333 0.737037037037 0.0666666666667 0.198148148148
1 0.372916666667 0.30462962963 0.0203125 0.113888888889
0 0.51875 0.84537037037 0.0807291666667 0.142592592593
0 0.422916666667 0.327777777778 0.0260416666667 0.114814814815
1 0.658854166667 0.205555555556 0.01875 0.087037037037
1 0.803125 0.153703703704 0.0171875 0.0796296296296
1 0.9625 0.242592592593 0.0239583333333 0.0666666666667
0 0.909375 0.144444444444 0.0177083333333 0.0777777777778
1 0.9078125 0.900925925926 0.05 0.0990740740741
1 0.255208333333 0.131481481481 0.0182291666667 0.0722222222222
