1 0.116666666667 0.391666666667 0.0260416666667 0.101851851852
1 0.214583333333 0.496296296296 0.0260416666667 0.132407407407
1 0.669270833333 0.406481481481 0.0203125 0.105555555556
1 0.315104166667 0.412037037037 0.0291666666667 0.122222222222
1 0.499479166667 0.409259259259 0.0234375 0.0962962962963
0 0.730729166667 0.606481481481 0.028125 0.127777777778
0 0.869270833333 0.512962962963 0.0416666666667 0.135185185185
0 0.627083333333 0.381481481481 0.0182291666667 0.1
0 0.7109375 0.403703703704 0.0286458333333 0.110185185185
0 0.83125 0.471296296296 0.0296875 0.106481481481
0 0.3890625 0.483333333333 0.0197916666667 0.105555555556
0 0.285416666667 0.355555555556 0.0192708333333 0.0805555555556
1 0.397395833333 0.27962962963 0.0166666666667 0.0768518518519
0 0.535416666667 0.344444444444 0.0135416666667 0.0805555555556
1 0.733854166667 0.506481481481 0.0203125 0.0944444444444
0 0.380208333333 0.413888888889 0.01875 0.0953703703704
