1 0.100520833333 0.414814814815 0.0260416666667 0.126851851852
1 0.0859375 0.311111111111 0.0223958333333 0.10462962963
1 0.3578125 0.315740740741 0.0239583333333 0.110185185185
1 0.4453125 0.341666666667 0.021875 0.12037037037
1 0.908333333333 0.286111111111 0.0270833333333 0.108333333333
1 0.771354166667 0.334259259259 0.028125 0.105555555556
0 0.167708333333 0.37037037037 0.0359375 0.122222222222
0 0.182291666667 0.262962962963 0.0244791666667 0.0851851851852
0 0.461458333333 0.35462962963 0.0265625 0.108333333333
1 0.782291666667 0.251851851852 0.0223958333333 0.0657407407407
