1 0.222916666667 0.530555555556 0.0130208333333 0.0472222222222
1 0.3796875 0.414814814815 0.0125 0.0425925925926
0 0.327083333333 0.346296296296 0.0104166666667 0.0398148148148
1 0.3140625 0.536111111111 0.0135416666667 0.0435185185185
1 0.245833333333 0.418518518519 0.015625 0.0490740740741
0 0.2671875 0.501851851852 0.0125 0.0490740740741
0 0.539583333333 0.328703703704 0.00833333333333 0.037037037037
0 0.435416666667 0.396296296296 0.00989583333333 0.037962962963
0 0.169270833333 0.708333333333 0.0177083333333 0.075
0 0.6203125 0.266666666667 0.009375 0.0351851851852
1 0.465104166667 0.356481481481 0.0109375 0.037962962963
1 0.417708333333 0.460185185185 0.0135416666667 0.0481481481481
1 0.459375 0.290740740741 0.00989583333333 0.0351851851852
1 0.308333333333 0.313888888889 0.0104166666667 0.0361111111111
0 0.670833333333 0.391666666667 0.00989583333333 0.0361111111111
1 0.280729166667 0.35462962963 0.0145833333333 0.0768518518519
0 0.5109375 0.641666666667 0.0114583333333 0.0490740740741
0 0.3734375 0.183333333333 0.009375 0.0314814814815
