1 0.58125 0.435185185185 0.0260416666667 0.137037037037
0 0.428645833333 0.509259259259 0.0234375 0.161111111111
1 0.519270833333 0.614814814815 0.0328125 0.169444444444
0 0.736458333333 0.447222222222 0.0229166666667 0.125925925926
1 0.213020833333 0.565740740741 0.0505208333333 0.139814814815
1 0.217708333333 0.364814814815 0.01875 0.112962962963
1 0.2421875 0.753703703704 0.03125 0.178703703704
1 0.713020833333 0.532407407407 0.0395833333333 0.155555555556
1 0.877604166667 0.749074074074 0.0270833333333 0.193518518519
0 0.769791666667 0.798148148148 0.04375 0.180555555556
0 0.353125 0.714814814815 0.0244791666667 0.180555555556
1 0.630208333333 0.953703703704 0.0317708333333 0.0462962962963
1 0.9703125 0.322222222222 0.0416666666667 0.137037037037
