1 0.1015625 0.656481481481 0.0494791666667 0.176851851852
0 0.547395833333 0.549074074074 0.0244791666667 0.124074074074
1 0.2265625 0.436111111111 0.0229166666667 0.10462962963
0 0.9515625 0.484259259259 0.0260416666667 0.142592592593
0 0.371354166667 0.435185185185 0.0223958333333 0.112037037037
0 0.820833333333 0.831481481481 0.0557291666667 0.163888888889
1 0.5859375 0.569444444444 0.0234375 0.14537037037
1 0.694270833333 0.344444444444 0.0276041666667 0.0935185185185
0 0.666145833333 0.35462962963 0.0192708333333 0.0805555555556
0 0.984375 0.662962962963 0.015625 0.200925925926
0 0.6515625 0.359259259259 0.0171875 0.0861111111111
1 0.405729166667 0.338888888889 0.0213541666667 0.0731481481481
