1 0.731770833333 0.349074074074 0.0307291666667 0.087037037037
1 0.301041666667 0.55462962963 0.0244791666667 0.116666666667
1 0.28125 0.775925925926 0.0453125 0.159259259259
0 0.1484375 0.501851851852 0.0244791666667 0.112037037037
1 0.753125 0.55462962963 0.0302083333333 0.106481481481
1 0.584375 0.432407407407 0.0182291666667 0.0953703703704
0 0.464583333333 0.796296296296 0.0385416666667 0.174074074074
0 0.374479166667 0.612037037037 0.0354166666667 0.108333333333
0 0.505208333333 0.403703703704 0.0192708333333 0.087037037037
0 0.015625 0.367592592593 0.0302083333333 0.0824074074074
0 0.651041666667 0.475 0.046875 0.0898148148148
0 0.6984375 0.561111111111 0.0322916666667 0.103703703704
