1 0.194791666667 0.549074074074 0.040625 0.169444444444
0 0.102083333333 0.375 0.025 0.121296296296
0 0.6078125 0.357407407407 0.0333333333333 0.102777777778
1 0.727083333333 0.424074074074 0.0296875 0.143518518519
1 0.915104166667 0.543518518519 0.0395833333333 0.167592592593
0 0.375520833333 0.35462962963 0.0239583333333 0.0972222222222
0 0.751041666667 0.52962962963 0.0364583333333 0.157407407407
1 0.327083333333 0.405555555556 0.0265625 0.134259259259
1 0.744791666667 0.288888888889 0.021875 0.103703703704
1 0.7921875 0.336111111111 0.0244791666667 0.117592592593
0 0.8578125 0.377777777778 0.0244791666667 0.139814814815
