1 0.0635416666667 0.410185185185 0.0255208333333 0.118518518519
0 0.438020833333 0.452777777778 0.0260416666667 0.106481481481
0 0.205729166667 0.305555555556 0.0171875 0.0953703703704
1 0.147395833333 0.512037037037 0.0255208333333 0.143518518519
1 0.615625 0.387037037037 0.0229166666667 0.112962962963
0 0.711979166667 0.380555555556 0.0255208333333 0.119444444444
0 0.649479166667 0.35462962963 0.0213541666667 0.0861111111111
0 0.413020833333 0.311111111111 0.0213541666667 0.0824074074074
1 0.251041666667 0.392592592593 0.0291666666667 0.107407407407
0 0.476041666667 0.542592592593 0.0260416666667 0.142592592593
0 0.9609375 0.52962962963 0.0369791666667 0.15462962963
1 0.769270833333 0.492592592593 0.0453125 0.118518518519
1 0.55 0.356481481481 0.0270833333333 0.0944444444444
0 0.854166666667 0.438888888889 0.025 0.112037037037
1 0.286458333333 0.282407407407 0.0255208333333 0.075
