0 0.755729166667 0.538888888889 0.0302083333333 0.12962962963
0 0.515625 0.814814814815 0.0380208333333 0.168518518519
1 0.461979166667 0.831481481481 0.040625 0.164814814815
1 0.361979166667 0.666666666667 0.0317708333333 0.158333333333
1 0.723958333333 0.531481481481 0.028125 0.12962962963
1 0.18125 0.483333333333 0.0276041666667 0.10462962963
0 0.155729166667 0.424074074074 0.0260416666667 0.0962962962963
1 0.486979166667 0.461111111111 0.0197916666667 0.114814814815
0 0.220833333333 0.482407407407 0.0276041666667 0.102777777778
0 0.6390625 0.481481481481 0.0177083333333 0.117592592593
1 0.807291666667 0.389814814815 0.0255208333333 0.0861111111111
0 0.391666666667 0.497222222222 0.0348958333333 0.101851851852
0 0.517708333333 0.45 0.01875 0.109259259259
1 0.345833333333 0.437037037037 0.0265625 0.103703703704
0 0.360416666667 0.441666666667 0.0213541666667 0.0935185185185
0 0.353125 0.400925925926 0.0166666666667 0.0472222222222
