1 0.518229166667 0.490740740741 0.0302083333333 0.0731481481481
1 0.0463541666667 0.480555555556 0.0296875 0.123148148148
1 0.1921875 0.388888888889 0.0322916666667 0.0981481481481
0 0.55 0.441666666667 0.0229166666667 0.105555555556
1 0.0567708333333 0.687037037037 0.0369791666667 0.15462962963
1 0.379166666667 0.327777777778 0.0276041666667 0.0805555555556
0 0.24375 0.421296296296 0.0317708333333 0.101851851852
0 0.6671875 0.711111111111 0.0432291666667 0.175
1 0.8625 0.534259259259 0.0453125 0.12962962963
0 0.466145833333 0.551851851852 0.0536458333333 0.112962962963
1 0.358333333333 0.450925925926 0.0338541666667 0.101851851852
0 0.828645833333 0.305555555556 0.0197916666667 0.0787037037037
1 0.6015625 0.359259259259 0.0234375 0.0759259259259
0 0.241145833333 0.359259259259 0.0244791666667 0.0703703703704
0 0.9703125 0.362037037037 0.0239583333333 0.100925925926
0 0.410416666667 0.430555555556 0.0286458333333 0.102777777778
1 0.599479166667 0.416666666667 0.0234375 0.108333333333
