1 0.335416666667 0.749074074074 0.0739583333333 0.138888888889
0 0.290625 0.149074074074 0.0203125 0.110185185185
1 0.2046875 0.20462962963 0.0171875 0.112037037037
0 0.5421875 0.375925925926 0.0333333333333 0.117592592593
1 0.6078125 0.317592592593 0.0255208333333 0.125925925926
1 0.5390625 0.177777777778 0.03125 0.10462962963
0 0.928125 0.140740740741 0.028125 0.0990740740741
0 0.669270833333 0.037037037037 0.0265625 0.0916666666667
1 0.451041666667 0.00277777777778 0.0151041666667 0.0759259259259
0 0.90625 0.276851851852 0.0479166666667 0.126851851852
