1 0.246875 0.437962962963 0.0239583333333 0.0962962962963
1 0.261458333333 0.707407407407 0.0359375 0.178703703704
1 0.463541666667 0.568518518519 0.0286458333333 0.136111111111
0 0.357291666667 0.647222222222 0.028125 0.147222222222
1 0.781770833333 0.368518518519 0.0338541666667 0.0833333333333
1 0.291145833333 0.422222222222 0.0302083333333 0.103703703704
1 0.365104166667 0.469444444444 0.0229166666667 0.115740740741
0 0.402604166667 0.47962962963 0.025 0.1
1 0.0520833333333 0.574074074074 0.0395833333333 0.141666666667
0 0.577604166667 0.510185185185 0.021875 0.127777777778
0 0.348958333333 0.475 0.0182291666667 0.111111111111
0 0.2625 0.532407407407 0.0244791666667 0.125
0 0.696875 0.564814814815 0.0244791666667 0.14537037037
0 0.153645833333 0.421296296296 0.0166666666667 0.10462962963
0 0.320833333333 0.396296296296 0.0208333333333 0.0722222222222
0 0.384375 0.434259259259 0.0135416666667 0.0518518518519
