0 0.822916666667 0.458333333333 0.0265625 0.115740740741
1 0.661979166667 0.738888888889 0.0390625 0.184259259259
0 0.386458333333 0.865740740741 0.0635416666667 0.134259259259
1 0.131770833333 0.563888888889 0.0338541666667 0.17037037037
0 0.9703125 0.387037037037 0.0197916666667 0.112962962963
0 0.308333333333 0.653703703704 0.0328125 0.168518518519
1 0.861979166667 0.419444444444 0.0291666666667 0.118518518519
1 0.898958333333 0.486111111111 0.0296875 0.128703703704
0 0.64375 0.372222222222 0.0234375 0.109259259259
0 0.872395833333 0.323148148148 0.0208333333333 0.107407407407
1 0.396875 0.372222222222 0.0296875 0.139814814815
1 0.241145833333 0.331481481481 0.0213541666667 0.0898148148148
