1 0.471875 0.587037037037 0.0432291666667 0.188888888889
1 0.284895833333 0.609259259259 0.0484375 0.175
1 0.0239583333333 0.183333333333 0.0328125 0.138888888889
1 0.348958333333 0.330555555556 0.0270833333333 0.136111111111
0 0.666666666667 0.330555555556 0.03125 0.139814814815
1 0.572916666667 0.262962962963 0.0359375 0.143518518519
1 0.956770833333 0.309259259259 0.0401041666667 0.155555555556
0 0.0583333333333 0.472222222222 0.034375 0.187037037037
0 0.015625 0.506481481481 0.0515625 0.162037037037
1 0.260416666667 0.0648148148148 0.0197916666667 0.105555555556
0 0.803125 0.0296296296296 0.0177083333333 0.10462962963
0 0.325 0.0916666666667 0.0192708333333 0.124074074074
1 0.338541666667 0.000925925925926 0.0166666666667 0.05
