1 0.564583333333 0.381481481481 0.0229166666667 0.123148148148
1 0.516145833333 0.427777777778 0.0286458333333 0.126851851852
0 0.322916666667 0.49537037037 0.0239583333333 0.137037037037
1 0.534375 0.369444444444 0.0213541666667 0.102777777778
0 0.628645833333 0.363888888889 0.0270833333333 0.100925925926
0 0.903125 0.439814814815 0.0317708333333 0.108333333333
1 0.7015625 0.332407407407 0.0213541666667 0.087962962963
0 0.477604166667 0.594444444444 0.05 0.156481481481
1 0.0140625 0.362962962963 0.0276041666667 0.118518518519
0 0.8546875 0.526851851852 0.0484375 0.123148148148
1 0.3984375 0.407407407407 0.0239583333333 0.103703703704
1 0.407291666667 0.457407407407 0.0296875 0.122222222222
1 0.618229166667 0.447222222222 0.0302083333333 0.113888888889
