1 0.603125 0.266666666667 0.0182291666667 0.0990740740741
0 0.480729166667 0.359259259259 0.0239583333333 0.117592592593
1 0.153645833333 0.566666666667 0.040625 0.164814814815
1 0.228645833333 0.325925925926 0.0208333333333 0.108333333333
0 0.8015625 0.646296296296 0.0322916666667 0.148148148148
1 0.877604166667 0.494444444444 0.0270833333333 0.146296296296
1 0.748958333333 0.361111111111 0.021875 0.100925925926
0 0.768229166667 0.322222222222 0.0203125 0.0935185185185
0 0.8546875 0.191666666667 0.01875 0.0916666666667
1 0.813020833333 0.161111111111 0.0197916666667 0.0824074074074
