1 0.216666666667 0.40462962963 0.0213541666667 0.123148148148
0 0.778645833333 0.450925925926 0.0291666666667 0.108333333333
0 0.297395833333 0.687962962963 0.0395833333333 0.17037037037
1 0.441666666667 0.399074074074 0.0333333333333 0.101851851852
1 0.263541666667 0.590740740741 0.0364583333333 0.155555555556
0 0.520833333333 0.278703703704 0.0239583333333 0.0787037037037
1 0.95625 0.414814814815 0.0239583333333 0.126851851852
0 0.483333333333 0.7 0.0276041666667 0.150925925926
1 0.534375 0.578703703704 0.0260416666667 0.157407407407
0 0.696354166667 0.346296296296 0.0239583333333 0.0953703703704
1 0.707291666667 0.272222222222 0.0276041666667 0.0935185185185
1 0.345833333333 0.232407407407 0.0130208333333 0.0824074074074
0 0.955729166667 0.276851851852 0.0208333333333 0.0833333333333
0 0.78125 0.19537037037 0.0109375 0.0592592592593
