1 0.261458333333 0.45 0.0151041666667 0.0833333333333
1 0.0364583333333 0.491666666667 0.015625 0.0888888888889
0 0.933333333333 0.55462962963 0.01875 0.102777777778
1 0.380208333333 0.350925925926 0.0109375 0.0527777777778
1 0.465625 0.584259259259 0.0203125 0.1
0 0.680729166667 0.478703703704 0.0166666666667 0.0777777777778
1 0.3078125 0.414814814815 0.0104166666667 0.0583333333333
0 0.6234375 0.334259259259 0.009375 0.0416666666667
0 0.546875 0.543518518519 0.0130208333333 0.0888888888889
0 0.574479166667 0.422222222222 0.0145833333333 0.0796296296296
1 0.475 0.509259259259 0.0161458333333 0.0842592592593
1 0.4890625 0.338888888889 0.0109375 0.0555555555556
0 0.80625 0.415740740741 0.0140625 0.0759259259259
1 0.191145833333 0.323148148148 0.009375 0.0398148148148
1 0.138541666667 0.391666666667 0.009375 0.0537037037037
1 0.477604166667 0.37037037037 0.0114583333333 0.0574074074074
0 0.478125 0.427777777778 0.0104166666667 0.0685185185185
