0 0.8578125 0.421296296296 0.028125 0.117592592593
1 0.0520833333333 0.443518518519 0.0229166666667 0.125
1 0.371354166667 0.478703703704 0.0239583333333 0.140740740741
1 0.458333333333 0.333333333333 0.0244791666667 0.0712962962963
0 0.2484375 0.701851851852 0.0322916666667 0.142592592593
0 0.4578125 0.432407407407 0.0203125 0.0990740740741
1 0.757291666667 0.466666666667 0.025 0.108333333333
1 0.2765625 0.873148148148 0.0395833333333 0.126851851852
0 0.644791666667 0.311111111111 0.0208333333333 0.0722222222222
1 0.0119791666667 0.30462962963 0.0208333333333 0.0777777777778
