1 0.213541666667 0.418518518519 0.0302083333333 0.121296296296
0 0.472916666667 0.366666666667 0.0296875 0.109259259259
1 0.5640625 0.502777777778 0.0390625 0.144444444444
1 0.0697916666667 0.592592592593 0.0395833333333 0.181481481481
0 0.721354166667 0.444444444444 0.0270833333333 0.119444444444
0 0.786979166667 0.531481481481 0.0244791666667 0.157407407407
1 0.374479166667 0.387962962963 0.0432291666667 0.118518518519
1 0.597395833333 0.436111111111 0.0270833333333 0.122222222222
1 0.829166666667 0.935185185185 0.0427083333333 0.0648148148148
0 0.329166666667 0.440740740741 0.0276041666667 0.0944444444444
0 0.615625 0.428703703704 0.0255208333333 0.0759259259259
1 0.307291666667 0.349074074074 0.034375 0.0907407407407
