1 0.8015625 0.372222222222 0.0239583333333 0.127777777778
0 0.652083333333 0.731481481481 0.0427083333333 0.161111111111
1 0.322395833333 0.373148148148 0.0239583333333 0.116666666667
0 0.533854166667 0.514814814815 0.0328125 0.118518518519
0 0.538541666667 0.308333333333 0.0244791666667 0.115740740741
0 0.352083333333 0.202777777778 0.0234375 0.0851851851852
0 0.886458333333 0.330555555556 0.0385416666667 0.108333333333
0 0.802604166667 0.275 0.0208333333333 0.103703703704
1 0.9484375 0.291666666667 0.0328125 0.107407407407
0 0.0854166666667 0.418518518519 0.0260416666667 0.12037037037
1 0.2921875 0.594444444444 0.0276041666667 0.155555555556
1 0.0526041666667 0.237037037037 0.021875 0.0953703703704
1 0.413020833333 0.108333333333 0.0130208333333 0.0509259259259
0 0.983854166667 0.459259259259 0.0161458333333 0.0981481481481
0 0.597395833333 0.180555555556 0.0130208333333 0.0833333333333
