1 0.0901041666667 0.402777777778 0.0265625 0.128703703704
1 0.3140625 0.412037037037 0.025 0.137037037037
1 0.410416666667 0.351851851852 0.0234375 0.112037037037
1 0.6703125 0.308333333333 0.0213541666667 0.0935185185185
1 0.328645833333 0.280555555556 0.0197916666667 0.0888888888889
0 0.350520833333 0.348148148148 0.0239583333333 0.119444444444
1 0.219270833333 0.326851851852 0.0208333333333 0.106481481481
0 0.727083333333 0.725 0.0390625 0.192592592593
0 0.608333333333 0.412037037037 0.0223958333333 0.105555555556
0 0.878645833333 0.253703703704 0.0197916666667 0.0861111111111
0 0.241145833333 0.298148148148 0.0213541666667 0.102777777778
1 0.653645833333 0.414814814815 0.0276041666667 0.116666666667
0 0.672395833333 0.499074074074 0.0427083333333 0.136111111111
1 0.708333333333 0.52037037037 0.0526041666667 0.116666666667
1 0.040625 0.568518518519 0.0270833333333 0.127777777778
0 0.244270833333 0.458333333333 0.0265625 0.133333333333
1 0.680729166667 0.405555555556 0.0354166666667 0.101851851852
