1 0.2984375 0.335185185185 0.0270833333333 0.107407407407
1 0.810416666667 0.222222222222 0.0223958333333 0.0962962962963
0 0.584375 0.569444444444 0.0380208333333 0.152777777778
0 0.65 0.260185185185 0.0239583333333 0.0962962962963
1 0.09375 0.59537037037 0.0328125 0.173148148148
1 0.673958333333 0.612037037037 0.0364583333333 0.139814814815
0 0.884375 0.207407407407 0.0229166666667 0.0851851851852
1 0.205208333333 0.164814814815 0.0171875 0.0824074074074
0 0.665625 0.40462962963 0.0338541666667 0.100925925926
1 0.934895833333 0.307407407407 0.0260416666667 0.116666666667
1 0.573958333333 0.215740740741 0.01875 0.087962962963
0 0.253125 0.194444444444 0.0166666666667 0.0907407407407
0 0.9875 0.298148148148 0.0125 0.109259259259
0 0.583854166667 0.15462962963 0.0177083333333 0.0722222222222
0 0.766666666667 0.125 0.015625 0.0768518518519
1 0.498958333333 0.0638888888889 0.0114583333333 0.0472222222222
