1 0.1796875 0.489814814815 0.0302083333333 0.10462962963
1 0.405208333333 0.382407407407 0.021875 0.119444444444
1 0.6765625 0.473148148148 0.0223958333333 0.125
0 0.459375 0.546296296296 0.0234375 0.143518518519
1 0.320833333333 0.687037037037 0.0338541666667 0.180555555556
1 0.7890625 0.515740740741 0.028125 0.147222222222
0 0.323958333333 0.399074074074 0.0265625 0.0925925925926
0 0.845833333333 0.47962962963 0.0229166666667 0.125925925926
0 0.938541666667 0.537962962963 0.0369791666667 0.142592592593
0 0.288541666667 0.458333333333 0.0244791666667 0.108333333333
1 0.231770833333 0.317592592593 0.0197916666667 0.0777777777778
0 0.7140625 0.441666666667 0.0328125 0.122222222222
0 0.640625 0.526851851852 0.0291666666667 0.105555555556
0 0.436979166667 0.35462962963 0.0223958333333 0.087962962963
