1 0.311979166667 0.384259259259 0.0302083333333 0.124074074074
1 0.158333333333 0.582407407407 0.0265625 0.146296296296
0 0.609895833333 0.571296296296 0.0484375 0.125
1 0.480208333333 0.317592592593 0.0197916666667 0.106481481481
0 0.225520833333 0.587962962963 0.0276041666667 0.137037037037
1 0.914583333333 0.369444444444 0.0302083333333 0.110185185185
0 0.448958333333 0.678703703704 0.053125 0.166666666667
0 0.773958333333 0.487962962963 0.034375 0.121296296296
1 0.488541666667 0.607407407407 0.0411458333333 0.141666666667
1 0.342708333333 0.211111111111 0.0177083333333 0.0842592592593
0 0.828125 0.261111111111 0.0223958333333 0.0972222222222
1 0.531770833333 0.582407407407 0.04375 0.128703703704
1 0.936979166667 0.176851851852 0.0234375 0.0925925925926
1 0.779166666667 0.244444444444 0.021875 0.0935185185185
0 0.513541666667 0.119444444444 0.0125 0.0666666666667
1 0.45625 0.122222222222 0.0119791666667 0.0601851851852
