1 0.608333333333 0.3 0.0291666666667 0.0888888888889
1 0.313020833333 0.377777777778 0.0296875 0.111111111111
1 0.244791666667 0.330555555556 0.0182291666667 0.110185185185
1 0.0666666666667 0.302777777778 0.0203125 0.0842592592593
0 0.130208333333 0.582407407407 0.040625 0.128703703704
0 0.384375 0.353703703704 0.0239583333333 0.0935185185185
1 0.586979166667 0.538888888889 0.0432291666667 0.126851851852
0 0.280729166667 0.330555555556 0.0244791666667 0.1
0 0.763541666667 0.577777777778 0.04375 0.144444444444
0 0.166145833333 0.302777777778 0.0151041666667 0.0833333333333
1 0.745833333333 0.672222222222 0.0515625 0.148148148148
0 0.163020833333 0.392592592593 0.01875 0.1
0 0.4203125 0.512962962963 0.0489583333333 0.101851851852
0 0.571875 0.486111111111 0.0328125 0.087962962963
