1 0.0322916666667 0.422222222222 0.0364583333333 0.126851851852
0 0.244270833333 0.359259259259 0.03125 0.111111111111
0 0.530729166667 0.386111111111 0.0255208333333 0.102777777778
1 0.391666666667 0.557407407407 0.0338541666667 0.158333333333
0 0.870833333333 0.636111111111 0.04375 0.149074074074
1 0.945833333333 0.45 0.0239583333333 0.12962962963
0 0.7984375 0.481481481481 0.0260416666667 0.111111111111
0 0.8578125 0.403703703704 0.0239583333333 0.112962962963
1 0.2875 0.330555555556 0.0255208333333 0.0833333333333
1 0.9671875 0.471296296296 0.0307291666667 0.136111111111
0 0.396875 0.334259259259 0.0239583333333 0.0777777777778
1 0.48125 0.478703703704 0.0296875 0.125
