1 0.1453125 0.508333333333 0.034375 0.163888888889
1 0.253125 0.375 0.028125 0.113888888889
1 0.388020833333 0.35 0.0260416666667 0.101851851852
1 0.8078125 0.506481481481 0.0447916666667 0.156481481481
0 0.878125 0.424074074074 0.0265625 0.12037037037
1 0.729166666667 0.367592592593 0.01875 0.108333333333
1 0.0421875 0.387037037037 0.0229166666667 0.128703703704
0 0.482291666667 0.533333333333 0.0317708333333 0.140740740741
0 0.603645833333 0.280555555556 0.03125 0.10462962963
0 0.360416666667 0.328703703704 0.0234375 0.100925925926
0 0.484895833333 0.437962962963 0.0276041666667 0.112962962963
0 0.334895833333 0.382407407407 0.0234375 0.087962962963
1 0.370833333333 0.255555555556 0.0171875 0.0777777777778
