1 0.882291666667 0.421296296296 0.0619791666667 0.14537037037
1 0.5671875 0.219444444444 0.0307291666667 0.087037037037
1 0.3578125 0.372222222222 0.0338541666667 0.126851851852
1 0.330208333333 0.475 0.0442708333333 0.130555555556
1 0.630208333333 0.396296296296 0.0484375 0.125
1 0.918229166667 0.237962962963 0.0276041666667 0.087962962963
0 0.556770833333 0.546296296296 0.0395833333333 0.137962962963
1 0.441145833333 0.274074074074 0.0197916666667 0.100925925926
1 0.7796875 0.290740740741 0.0260416666667 0.0981481481481
0 0.6328125 0.173148148148 0.0260416666667 0.0972222222222
0 0.371875 0.541666666667 0.0505208333333 0.150925925926
0 0.452083333333 0.273148148148 0.0239583333333 0.0888888888889
1 0.717708333333 0.158333333333 0.0192708333333 0.0361111111111
