0 0.795833333333 0.537037037037 0.0244791666667 0.14537037037
1 0.150520833333 0.337037037037 0.0213541666667 0.101851851852
1 0.322916666667 0.649074074074 0.0401041666667 0.159259259259
1 0.321875 0.349074074074 0.0213541666667 0.100925925926
0 0.0479166666667 0.352777777778 0.0208333333333 0.0953703703704
1 0.5890625 0.512037037037 0.0260416666667 0.12037037037
0 0.403125 0.331481481481 0.01875 0.0898148148148
1 0.446354166667 0.389814814815 0.021875 0.106481481481
1 0.7828125 0.287037037037 0.021875 0.0824074074074
1 0.369791666667 0.484259259259 0.0291666666667 0.100925925926
0 0.4125 0.610185185185 0.0375 0.148148148148
0 0.299479166667 0.4 0.0286458333333 0.1
0 0.497916666667 0.378703703704 0.0208333333333 0.0925925925926
1 0.1125 0.507407407407 0.0260416666667 0.116666666667
0 0.6453125 0.44537037037 0.021875 0.114814814815
0 0.325 0.298148148148 0.0151041666667 0.0583333333333
