1 0.2046875 0.475925925926 0.0265625 0.128703703704
1 0.6125 0.248148148148 0.025 0.0925925925926
0 0.846875 0.188888888889 0.025 0.0935185185185
0 0.8890625 0.403703703704 0.0276041666667 0.132407407407
1 0.497395833333 0.372222222222 0.0265625 0.122222222222
1 0.3265625 0.359259259259 0.0338541666667 0.135185185185
0 0.752083333333 0.618518518519 0.0427083333333 0.183333333333
1 0.483854166667 0.290740740741 0.0255208333333 0.109259259259
1 0.536458333333 0.312962962963 0.0234375 0.111111111111
0 0.516666666667 0.5 0.0614583333333 0.14537037037
1 0.641666666667 0.64537037037 0.0401041666667 0.167592592593
0 0.5984375 0.451851851852 0.0291666666667 0.135185185185
0 0.5109375 0.285185185185 0.0265625 0.110185185185
0 0.1625 0.544444444444 0.0270833333333 0.134259259259
0 0.569270833333 0.331481481481 0.021875 0.0898148148148
1 0.509895833333 0.499074074074 0.0260416666667 0.124074074074
