1 0.569791666667 0.678703703704 0.0354166666667 0.160185185185
1 0.674479166667 0.45 0.0244791666667 0.130555555556
0 0.723958333333 0.572222222222 0.0286458333333 0.128703703704
0 0.505729166667 0.477777777778 0.0244791666667 0.130555555556
0 0.916145833333 0.787962962963 0.0557291666667 0.162962962963
1 0.0890625 0.575 0.0348958333333 0.158333333333
1 0.0895833333333 0.364814814815 0.0286458333333 0.110185185185
0 0.601041666667 0.340740740741 0.0161458333333 0.0953703703704
0 0.8265625 0.297222222222 0.021875 0.0824074074074
1 0.000520833333333 0.45462962963 0.0203125 0.115740740741
0 0.981770833333 0.400925925926 0.0161458333333 0.0944444444444
1 0.627083333333 0.228703703704 0.0119791666667 0.0574074074074
1 0.6890625 0.414814814815 0.01875 0.1
1 0.9828125 0.508333333333 0.0166666666667 0.103703703704
