1 0.602083333333 0.617592592593 0.0484375 0.164814814815
1 0.293229166667 0.369444444444 0.0359375 0.106481481481
0 0.413020833333 0.409259259259 0.0354166666667 0.112037037037
1 0.458854166667 0.424074074074 0.0395833333333 0.125
0 0.295833333333 0.733333333333 0.0651041666667 0.158333333333
0 0.813020833333 0.352777777778 0.0260416666667 0.110185185185
1 0.0604166666667 0.453703703704 0.03125 0.128703703704
1 0.509375 0.580555555556 0.0536458333333 0.157407407407
0 0.969791666667 0.212962962963 0.0197916666667 0.087962962963
1 0.938541666667 0.433333333333 0.0229166666667 0.124074074074
0 0.883854166667 0.480555555556 0.0229166666667 0.135185185185
