1 0.186458333333 0.341666666667 0.0276041666667 0.106481481481
0 0.938541666667 0.702777777778 0.0359375 0.166666666667
1 0.0338541666667 0.627777777778 0.05625 0.161111111111
0 0.689583333333 0.369444444444 0.0328125 0.115740740741
1 0.558854166667 0.236111111111 0.0229166666667 0.0888888888889
0 0.386458333333 0.335185185185 0.0260416666667 0.102777777778
0 0.230729166667 0.452777777778 0.0390625 0.137962962963
1 0.5125 0.546296296296 0.028125 0.148148148148
0 0.627604166667 0.269444444444 0.0255208333333 0.0898148148148
0 0.830729166667 0.451851851852 0.0307291666667 0.121296296296
