0 0.325520833333 0.788888888889 0.0682291666667 0.192592592593
1 0.724479166667 0.596296296296 0.0645833333333 0.146296296296
1 0.0369791666667 0.828703703704 0.0755208333333 0.165740740741
1 0.354166666667 0.466666666667 0.0369791666667 0.149074074074
0 0.411458333333 0.54537037037 0.0385416666667 0.105555555556
0 0.214583333333 0.327777777778 0.0286458333333 0.0740740740741
1 0.0401041666667 0.462037037037 0.0338541666667 0.087037037037
0 0.505729166667 0.34537037037 0.0270833333333 0.0898148148148
1 0.336979166667 0.3 0.0270833333333 0.0601851851852
0 0.671875 0.478703703704 0.0317708333333 0.102777777778
0 0.594270833333 0.235185185185 0.0260416666667 0.0740740740741
0 0.00520833333333 0.497222222222 0.0255208333333 0.117592592593
1 0.227083333333 0.408333333333 0.0291666666667 0.0712962962963
