1 0.331770833333 0.573148148148 0.0380208333333 0.15462962963
1 0.158854166667 0.375 0.0265625 0.119444444444
1 0.795833333333 0.385185185185 0.0203125 0.109259259259
0 0.5625 0.412037037037 0.0291666666667 0.133333333333
1 0.946875 0.541666666667 0.034375 0.146296296296
1 0.590625 0.328703703704 0.0234375 0.102777777778
0 0.633854166667 0.340740740741 0.025 0.103703703704
0 0.955208333333 0.675925925926 0.0427083333333 0.167592592593
1 0.755208333333 0.208333333333 0.0182291666667 0.0759259259259
0 0.846354166667 0.232407407407 0.0213541666667 0.0944444444444
