1 0.513541666667 0.783333333333 0.0328125 0.15462962963
1 0.246875 0.715740740741 0.0286458333333 0.14537037037
1 0.515104166667 0.581481481481 0.0255208333333 0.123148148148
0 0.794270833333 0.588888888889 0.025 0.115740740741
1 0.333854166667 0.477777777778 0.028125 0.0953703703704
1 0.0197916666667 0.644444444444 0.0484375 0.137037037037
0 0.596875 0.710185185185 0.0369791666667 0.148148148148
1 0.756770833333 0.599074074074 0.03125 0.110185185185
1 0.947395833333 0.341666666667 0.021875 0.0675925925926
0 0.445833333333 0.630555555556 0.0265625 0.106481481481
0 0.3765625 0.325 0.0135416666667 0.0564814814815
0 0.666145833333 0.465740740741 0.0244791666667 0.075
1 0.54375 0.437962962963 0.0234375 0.0740740740741
0 0.578125 0.376851851852 0.0244791666667 0.0694444444444
