1 0.215104166667 0.263888888889 0.0234375 0.122222222222
0 0.465625 0.603703703704 0.0427083333333 0.149074074074
1 0.475 0.734259259259 0.0619791666667 0.172222222222
1 0.507291666667 0.12037037037 0.0260416666667 0.0842592592593
0 0.4125 0.272222222222 0.0369791666667 0.101851851852
1 0.0114583333333 0.253703703704 0.0317708333333 0.125925925926
1 0.8859375 0.305555555556 0.05 0.134259259259
0 0.827083333333 0.25 0.0354166666667 0.107407407407
0 0.465625 0.00740740740741 0.0223958333333 0.0648148148148
0 0.5875 0.0833333333333 0.0182291666667 0.075
0 0.308333333333 0.100925925926 0.0270833333333 0.111111111111
0 0.703125 0.186111111111 0.0291666666667 0.0787037037037
1 0.7125 0.218518518519 0.0317708333333 0.0777777777778
