0 0.234375 0.801851851852 0.0479166666667 0.173148148148
1 0.171354166667 0.55 0.0364583333333 0.15462962963
1 0.956770833333 0.568518518519 0.0411458333333 0.12962962963
1 0.439583333333 0.282407407407 0.0302083333333 0.0981481481481
1 0.883333333333 0.852777777778 0.0588541666667 0.143518518519
1 0.544791666667 0.397222222222 0.040625 0.137962962963
1 0.486979166667 0.647222222222 0.0348958333333 0.164814814815
1 0.958333333333 0.303703703704 0.0380208333333 0.106481481481
0 0.6328125 0.283333333333 0.0270833333333 0.111111111111
0 0.535416666667 0.631481481481 0.1140625 0.0916666666667
1 0.409375 0.0675925925926 0.0119791666667 0.0537037037037
1 0.646875 0.0685185185185 0.00989583333333 0.0324074074074
0 0.5671875 0.671296296296 0.0854166666667 0.0407407407407
0 0.519791666667 0.608333333333 0.059375 0.075
