1 0.297395833333 0.625 0.0442708333333 0.173148148148
1 0.121354166667 0.385185185185 0.0307291666667 0.109259259259
0 0.806770833333 0.527777777778 0.0213541666667 0.151851851852
0 0.833333333333 0.235185185185 0.0223958333333 0.0907407407407
0 0.5234375 0.250925925926 0.0182291666667 0.100925925926
0 0.621354166667 0.344444444444 0.0244791666667 0.1
1 0.358854166667 0.380555555556 0.0395833333333 0.111111111111
1 0.448958333333 0.230555555556 0.0177083333333 0.0842592592593
1 0.9515625 0.265740740741 0.0203125 0.0888888888889
0 0.965625 0.4 0.0255208333333 0.0972222222222
1 0.73125 0.133333333333 0.01875 0.0740740740741
