1 0.6953125 0.491666666667 0.0255208333333 0.118518518519
1 0.261979166667 0.543518518519 0.0296875 0.12962962963
0 0.3640625 0.460185185185 0.0197916666667 0.101851851852
1 0.2984375 0.32962962963 0.0161458333333 0.0796296296296
0 0.8125 0.725925925926 0.0348958333333 0.175925925926
0 0.14375 0.712962962963 0.0322916666667 0.144444444444
1 0.0 0.458333333333 0.0239583333333 0.107407407407
0 0.799479166667 0.437037037037 0.0234375 0.0981481481481
0 0.539583333333 0.262962962963 0.0203125 0.0712962962963
1 0.151041666667 0.92037037037 0.0416666666667 0.0796296296296
