1 0.640625 0.499074074074 0.0270833333333 0.125
1 0.0354166666667 0.397222222222 0.0276041666667 0.122222222222
1 0.449479166667 0.725 0.0369791666667 0.166666666667
0 0.6859375 0.326851851852 0.0276041666667 0.0842592592593
0 0.491145833333 0.389814814815 0.0223958333333 0.102777777778
0 0.73125 0.559259259259 0.025 0.126851851852
1 0.663541666667 0.427777777778 0.0192708333333 0.116666666667
0 0.8765625 0.809259259259 0.0421875 0.175
1 0.930208333333 0.52962962963 0.0359375 0.14537037037
0 0.890625 0.421296296296 0.0302083333333 0.102777777778
0 0.344270833333 0.528703703704 0.0322916666667 0.136111111111
1 0.433333333333 0.278703703704 0.0192708333333 0.0740740740741
1 0.310416666667 0.255555555556 0.0151041666667 0.0481481481481
