0 0.458854166667 0.381481481481 0.0229166666667 0.111111111111
1 0.617708333333 0.358333333333 0.0244791666667 0.123148148148
1 0.38125 0.388888888889 0.0234375 0.123148148148
1 0.50625 0.399074074074 0.0234375 0.128703703704
1 0.232291666667 0.541666666667 0.0348958333333 0.156481481481
0 0.584895833333 0.449074074074 0.0229166666667 0.124074074074
0 0.663020833333 0.280555555556 0.0234375 0.100925925926
0 0.5859375 0.561111111111 0.0270833333333 0.137962962963
0 0.834895833333 0.383333333333 0.0192708333333 0.103703703704
0 0.102083333333 0.480555555556 0.0270833333333 0.15
1 0.927604166667 0.476851851852 0.0369791666667 0.156481481481
1 0.176041666667 0.39537037037 0.0385416666667 0.109259259259
1 0.511979166667 0.327777777778 0.0244791666667 0.0972222222222
1 0.402604166667 0.241666666667 0.01875 0.087037037037
