1 0.817708333333 0.317592592593 0.0260416666667 0.106481481481
1 0.2140625 0.35 0.0234375 0.101851851852
0 0.646354166667 0.491666666667 0.0307291666667 0.122222222222
1 0.270833333333 0.559259259259 0.0286458333333 0.143518518519
0 0.591145833333 0.325925925926 0.0229166666667 0.118518518519
1 0.56875 0.378703703704 0.025 0.123148148148
1 0.7296875 0.272222222222 0.0223958333333 0.087037037037
0 0.980729166667 0.367592592593 0.01875 0.0972222222222
1 0.288541666667 0.325925925926 0.03125 0.106481481481
0 0.571875 0.319444444444 0.0229166666667 0.0990740740741
