1 0.577083333333 0.417592592593 0.03125 0.125
1 0.825520833333 0.587037037037 0.040625 0.163888888889
1 0.828645833333 0.348148148148 0.0302083333333 0.0981481481481
1 0.175520833333 0.328703703704 0.0223958333333 0.112962962963
0 0.623958333333 0.417592592593 0.0260416666667 0.111111111111
0 0.968229166667 0.324074074074 0.0255208333333 0.087037037037
0 0.971354166667 0.439814814815 0.028125 0.138888888889
0 0.66875 0.303703703704 0.0213541666667 0.0962962962963
1 0.249479166667 0.309259259259 0.0213541666667 0.103703703704
1 0.630729166667 0.306481481481 0.0307291666667 0.109259259259
0 0.302083333333 0.316666666667 0.0208333333333 0.0898148148148
