1 0.452083333333 0.747222222222 0.0364583333333 0.180555555556
1 0.1375 0.383333333333 0.0213541666667 0.101851851852
1 0.478645833333 0.386111111111 0.0244791666667 0.0990740740741
0 0.706770833333 0.314814814815 0.0171875 0.0805555555556
0 0.547395833333 0.365740740741 0.0234375 0.087962962963
1 0.152083333333 0.506481481481 0.028125 0.142592592593
1 0.761979166667 0.396296296296 0.0223958333333 0.100925925926
0 0.41875 0.591666666667 0.0322916666667 0.121296296296
1 0.617708333333 0.325 0.0234375 0.0731481481481
0 0.811979166667 0.389814814815 0.0234375 0.0990740740741
0 0.0166666666667 0.346296296296 0.0151041666667 0.0898148148148
1 0.225 0.273148148148 0.0192708333333 0.0694444444444
