0 0.707291666667 0.761111111111 0.0463541666667 0.176851851852
1 0.844791666667 0.361111111111 0.03125 0.105555555556
1 0.311458333333 0.351851851852 0.028125 0.0833333333333
0 0.359375 0.493518518519 0.0270833333333 0.141666666667
1 0.153125 0.571296296296 0.0401041666667 0.147222222222
0 0.378125 0.351851851852 0.0213541666667 0.0851851851852
1 0.683854166667 0.584259259259 0.0296875 0.162037037037
1 0.368229166667 0.253703703704 0.0177083333333 0.075
0 0.525 0.269444444444 0.01875 0.0907407407407
1 0.708333333333 0.456481481481 0.0390625 0.135185185185
0 0.886458333333 0.461111111111 0.0270833333333 0.0990740740741
1 0.982291666667 0.367592592593 0.0177083333333 0.106481481481
0 0.977604166667 0.302777777778 0.021875 0.0944444444444
