1 0.308854166667 0.342592592593 0.0260416666667 0.0962962962963
1 0.44375 0.494444444444 0.0307291666667 0.124074074074
1 0.6984375 0.424074074074 0.0260416666667 0.12037037037
0 0.4140625 0.358333333333 0.0265625 0.0787037037037
0 0.835416666667 0.65462962963 0.046875 0.144444444444
0 0.800520833333 0.50462962963 0.0213541666667 0.103703703704
0 0.813541666667 0.35462962963 0.025 0.131481481481
1 0.959375 0.443518518519 0.0244791666667 0.119444444444
0 0.508333333333 0.468518518519 0.0317708333333 0.115740740741
0 0.846875 0.275925925926 0.0182291666667 0.0777777777778
1 0.0 0.5 0.0197916666667 0.122222222222
1 0.6546875 0.208333333333 0.015625 0.0574074074074
