1 0.6890625 0.362037037037 0.0239583333333 0.107407407407
1 0.00208333333333 0.367592592593 0.0265625 0.119444444444
1 0.547395833333 0.241666666667 0.0192708333333 0.0888888888889
1 0.26875 0.412962962963 0.0244791666667 0.108333333333
0 0.7 0.47962962963 0.0260416666667 0.117592592593
1 0.189583333333 0.267592592593 0.0239583333333 0.0981481481481
0 0.152083333333 0.242592592593 0.0208333333333 0.1
1 0.340625 0.292592592593 0.0229166666667 0.0916666666667
1 0.868229166667 0.32037037037 0.0203125 0.0972222222222
0 0.163541666667 0.475925925926 0.0369791666667 0.133333333333
0 0.249479166667 0.272222222222 0.0192708333333 0.0981481481481
0 0.5953125 0.731481481481 0.0515625 0.172222222222
1 0.221875 0.240740740741 0.0192708333333 0.0768518518519
1 0.592708333333 0.539814814815 0.0385416666667 0.139814814815
0 0.502083333333 0.40462962963 0.0244791666667 0.110185185185
0 0.863541666667 0.251851851852 0.0203125 0.0814814814815
0 0.9734375 0.333333333333 0.0223958333333 0.10462962963
0 0.6953125 0.196296296296 0.0135416666667 0.0555555555556
