1 0.628125 0.606481481481 0.0458333333333 0.174074074074
1 0.35625 0.365740740741 0.0401041666667 0.135185185185
0 0.76875 0.148148148148 0.0229166666667 0.112037037037
1 0.0015625 0.450925925926 0.0442708333333 0.144444444444
1 0.628125 0.17962962963 0.0161458333333 0.103703703704
1 0.934375 0.181481481481 0.0270833333333 0.124074074074
1 0.676041666667 0.34537037037 0.0348958333333 0.146296296296
0 0.470833333333 0.373148148148 0.0364583333333 0.125925925926
0 0.130729166667 0.208333333333 0.0328125 0.125
1 0.35 0.0 0.0151041666667 0.0759259259259
1 0.00572916666667 0.282407407407 0.0364583333333 0.124074074074
0 0.132291666667 0.313888888889 0.0375 0.136111111111
1 0.116145833333 0.198148148148 0.021875 0.112037037037
0 0.416145833333 0.0037037037037 0.015625 0.0796296296296
0 0.307291666667 0.716666666667 0.0484375 0.159259259259
