0 0.706770833333 0.690740740741 0.0395833333333 0.159259259259
0 0.476041666667 0.564814814815 0.0244791666667 0.132407407407
0 0.470833333333 0.385185185185 0.0276041666667 0.0953703703704
1 0.821875 0.344444444444 0.0265625 0.0962962962963
0 0.404166666667 0.262037037037 0.0208333333333 0.0851851851852
1 0.359895833333 0.615740740741 0.0416666666667 0.15
0 0.321354166667 0.42037037037 0.0307291666667 0.116666666667
1 0.390104166667 0.373148148148 0.025 0.106481481481
1 0.065625 0.290740740741 0.0348958333333 0.0972222222222
0 0.968229166667 0.446296296296 0.0265625 0.114814814815
0 0.627604166667 0.224074074074 0.0208333333333 0.0740740740741
1 0.786979166667 0.381481481481 0.0333333333333 0.118518518519
1 0.494270833333 0.323148148148 0.0203125 0.0851851851852
0 0.786458333333 0.323148148148 0.021875 0.0861111111111
0 0.857291666667 0.374074074074 0.0244791666667 0.115740740741
