1 0.640625 0.352777777778 0.0234375 0.114814814815
0 0.444270833333 0.35 0.0296875 0.122222222222
1 0.210416666667 0.538888888889 0.0348958333333 0.156481481481
1 0.0598958333333 0.389814814815 0.0333333333333 0.121296296296
1 0.325 0.214814814815 0.0166666666667 0.0861111111111
1 0.973958333333 0.251851851852 0.0203125 0.0990740740741
0 0.882291666667 0.311111111111 0.0208333333333 0.107407407407
0 0.780729166667 0.42962962963 0.0208333333333 0.117592592593
1 0.783854166667 0.237962962963 0.0171875 0.0796296296296
0 0.763541666667 0.222222222222 0.0182291666667 0.0925925925926
0 0.569791666667 0.575925925926 0.03125 0.135185185185
1 0.7453125 0.131481481481 0.0130208333333 0.0592592592593
