1 0.292708333333 0.632407407407 0.0505208333333 0.149074074074
1 0.8890625 0.539814814815 0.046875 0.136111111111
1 0.165104166667 0.442592592593 0.028125 0.109259259259
1 0.201041666667 0.317592592593 0.0223958333333 0.0898148148148
1 0.3484375 0.369444444444 0.0276041666667 0.1
1 0.577083333333 0.589814814815 0.0598958333333 0.121296296296
1 0.617708333333 0.356481481481 0.0239583333333 0.0898148148148
1 0.54375 0.492592592593 0.0416666666667 0.130555555556
1 0.680729166667 0.444444444444 0.0302083333333 0.0935185185185
1 0.519791666667 0.369444444444 0.0296875 0.0851851851852
1 0.075 0.541666666667 0.0390625 0.137037037037
1 0.428125 0.333333333333 0.0203125 0.0907407407407
1 0.458333333333 0.49537037037 0.0348958333333 0.0888888888889
1 0.41875 0.27037037037 0.0276041666667 0.0657407407407
1 0.519791666667 0.322222222222 0.0145833333333 0.0490740740741
