0 0.494270833333 0.59537037037 0.059375 0.127777777778
1 0.403645833333 0.443518518519 0.0223958333333 0.119444444444
0 0.0630208333333 0.363888888889 0.0192708333333 0.105555555556
1 0.219791666667 0.649074074074 0.0395833333333 0.161111111111
1 0.772395833333 0.611111111111 0.021875 0.140740740741
1 0.267708333333 0.357407407407 0.0213541666667 0.103703703704
1 0.155208333333 0.335185185185 0.0239583333333 0.0981481481481
1 0.560416666667 0.268518518519 0.0270833333333 0.0796296296296
0 0.222916666667 0.306481481481 0.0208333333333 0.0888888888889
0 0.481770833333 0.398148148148 0.0223958333333 0.0972222222222
0 0.347395833333 0.340740740741 0.021875 0.0981481481481
0 0.257291666667 0.444444444444 0.0270833333333 0.0953703703704
0 0.1078125 0.282407407407 0.0171875 0.0898148148148
1 0.00885416666667 0.486111111111 0.0432291666667 0.125
0 0.681770833333 0.550925925926 0.0390625 0.130555555556
