1 0.350520833333 0.341666666667 0.0307291666667 0.0925925925926
1 0.654166666667 0.368518518519 0.0286458333333 0.103703703704
0 0.263020833333 0.45 0.0338541666667 0.125
0 0.438020833333 0.780555555556 0.0505208333333 0.19537037037
0 0.400520833333 0.410185185185 0.0192708333333 0.0962962962963
0 0.767708333333 0.428703703704 0.028125 0.105555555556
1 0.0864583333333 0.673148148148 0.034375 0.171296296296
0 0.701041666667 0.366666666667 0.0208333333333 0.1
0 0.154166666667 0.560185185185 0.0510416666667 0.119444444444
1 0.0916666666667 0.372222222222 0.01875 0.109259259259
1 0.8796875 0.505555555556 0.0348958333333 0.150925925926
1 0.188020833333 0.462037037037 0.0291666666667 0.135185185185
1 0.0640625 0.323148148148 0.0197916666667 0.087962962963
1 0.210416666667 0.405555555556 0.0291666666667 0.105555555556
0 0.434895833333 0.27962962963 0.0203125 0.0888888888889
0 0.00520833333333 0.317592592593 0.0208333333333 0.0759259259259
0 0.875520833333 0.476851851852 0.0203125 0.116666666667
