0 0.5921875 0.393518518519 0.0479166666667 0.127777777778
0 0.916145833333 0.114814814815 0.0276041666667 0.0796296296296
0 0.5890625 0.621296296296 0.05 0.150925925926
1 0.777083333333 0.149074074074 0.0286458333333 0.102777777778
1 0.427083333333 0.135185185185 0.0270833333333 0.0953703703704
1 0.432291666667 0.405555555556 0.0473958333333 0.139814814815
1 0.216666666667 0.261111111111 0.0442708333333 0.112037037037
1 0.473958333333 0.0555555555556 0.0223958333333 0.0777777777778
1 0.671875 0.558333333333 0.0348958333333 0.105555555556
0 0.8625 0.287037037037 0.0307291666667 0.0851851851852
0 0.496354166667 0.143518518519 0.0260416666667 0.0925925925926
0 0.549479166667 0.0268518518519 0.0171875 0.0731481481481
1 0.641666666667 0.622222222222 0.0380208333333 0.14537037037
