1 0.1 0.40462962963 0.0270833333333 0.112037037037
1 0.6140625 0.44537037037 0.0296875 0.121296296296
1 0.3828125 0.37962962963 0.0265625 0.121296296296
0 0.647395833333 0.401851851852 0.0291666666667 0.119444444444
0 0.463541666667 0.662962962963 0.0401041666667 0.159259259259
1 0.390625 0.659259259259 0.0442708333333 0.168518518519
0 0.757291666667 0.482407407407 0.0317708333333 0.115740740741
1 0.6890625 0.296296296296 0.0296875 0.087962962963
1 0.5734375 0.411111111111 0.025 0.119444444444
1 0.134375 0.510185185185 0.0427083333333 0.127777777778
0 0.310416666667 0.398148148148 0.0265625 0.0898148148148
0 0.493229166667 0.402777777778 0.0453125 0.134259259259
0 0.4703125 0.497222222222 0.0359375 0.112037037037
1 0.7390625 0.592592592593 0.0255208333333 0.128703703704
0 0.280208333333 0.307407407407 0.0255208333333 0.132407407407
