0 0.7484375 0.556481481481 0.0260416666667 0.141666666667
1 0.3796875 0.49537037037 0.0244791666667 0.157407407407
1 0.347916666667 0.367592592593 0.0182291666667 0.10462962963
1 0.806770833333 0.756481481481 0.0380208333333 0.187962962963
1 0.745833333333 0.356481481481 0.021875 0.0916666666667
0 0.152083333333 0.388888888889 0.0234375 0.105555555556
0 0.9359375 0.351851851852 0.0255208333333 0.0935185185185
1 0.649479166667 0.376851851852 0.0208333333333 0.111111111111
1 0.015625 0.643518518519 0.0369791666667 0.167592592593
0 0.675 0.4 0.0203125 0.0944444444444
1 0.121875 0.397222222222 0.021875 0.105555555556
1 0.402083333333 0.346296296296 0.03125 0.0787037037037
0 0.429166666667 0.335185185185 0.0286458333333 0.0851851851852
0 0.0 0.662962962963 0.0302083333333 0.171296296296
