0 0.636979166667 0.537962962963 0.0333333333333 0.122222222222
1 0.00833333333333 0.475 0.0265625 0.126851851852
1 0.315104166667 0.777777777778 0.0401041666667 0.171296296296
1 0.854166666667 0.463888888889 0.03125 0.112037037037
0 0.48125 0.42962962963 0.0192708333333 0.113888888889
1 0.888020833333 0.699074074074 0.0385416666667 0.15462962963
0 0.2515625 0.405555555556 0.025 0.105555555556
0 0.50625 0.857407407407 0.0369791666667 0.142592592593
1 0.43125 0.394444444444 0.0348958333333 0.0814814814815
1 0.749479166667 0.540740740741 0.0401041666667 0.125
0 0.933333333333 0.466666666667 0.0239583333333 0.117592592593
0 0.533333333333 0.387037037037 0.0296875 0.0787037037037
1 0.194270833333 0.32962962963 0.0239583333333 0.0796296296296
0 0.355208333333 0.335185185185 0.0203125 0.0861111111111
