1 0.11875 0.473148148148 0.0270833333333 0.138888888889
0 0.219270833333 0.5 0.0286458333333 0.107407407407
1 0.552604166667 0.283333333333 0.028125 0.112037037037
1 0.432291666667 0.352777777778 0.025 0.115740740741
1 0.347395833333 0.182407407407 0.0229166666667 0.0972222222222
1 0.8890625 0.236111111111 0.0229166666667 0.0907407407407
0 0.661979166667 0.453703703704 0.0484375 0.142592592593
0 0.9171875 0.448148148148 0.0296875 0.122222222222
1 0.530729166667 0.531481481481 0.0411458333333 0.134259259259
0 0.971875 0.231481481481 0.021875 0.0907407407407
1 0.951041666667 0.503703703704 0.040625 0.127777777778
0 0.716145833333 0.587037037037 0.04375 0.112962962963
1 0.5203125 0.0935185185185 0.0161458333333 0.0694444444444
0 0.5859375 0.0916666666667 0.0145833333333 0.0731481481481
