1 0.281770833333 0.358333333333 0.0255208333333 0.127777777778
1 0.741666666667 0.252777777778 0.0260416666667 0.114814814815
1 0.5140625 0.307407407407 0.0322916666667 0.126851851852
1 0.2546875 0.530555555556 0.040625 0.156481481481
0 0.4234375 0.322222222222 0.0322916666667 0.114814814815
1 0.883333333333 0.131481481481 0.0302083333333 0.0953703703704
0 0.746875 0.697222222222 0.0619791666667 0.156481481481
1 0.455729166667 0.235185185185 0.0208333333333 0.1
1 0.674479166667 0.192592592593 0.0234375 0.103703703704
0 0.75625 0.383333333333 0.0348958333333 0.162037037037
0 0.956770833333 0.126851851852 0.0223958333333 0.106481481481
0 0.493229166667 0.187037037037 0.021875 0.103703703704
0 0.0 0.519444444444 0.0182291666667 0.162962962963
1 0.489583333333 0.109259259259 0.0223958333333 0.0740740740741
1 0.2375 0.0962962962963 0.0197916666667 0.0453703703704
