1 0.605729166667 0.398148148148 0.0109375 0.0398148148148
0 0.6578125 0.4 0.009375 0.037037037037
0 0.288541666667 0.577777777778 0.0130208333333 0.0425925925926
1 0.423958333333 0.40462962963 0.0104166666667 0.037037037037
0 0.7640625 0.457407407407 0.00989583333333 0.0453703703704
1 0.3203125 0.447222222222 0.0130208333333 0.0425925925926
1 0.316666666667 0.357407407407 0.00989583333333 0.0305555555556
1 0.373958333333 0.47037037037 0.0109375 0.0435185185185
1 0.541666666667 0.496296296296 0.00989583333333 0.0472222222222
1 0.2890625 0.376851851852 0.015625 0.0398148148148
0 0.6375 0.409259259259 0.00989583333333 0.0453703703704
1 0.268229166667 0.44537037037 0.0125 0.0425925925926
0 0.7140625 0.347222222222 0.00833333333333 0.0324074074074
1 0.490104166667 0.391666666667 0.00989583333333 0.037962962963
0 0.382291666667 0.216666666667 0.00729166666667 0.0240740740741
0 0.334895833333 0.389814814815 0.0109375 0.0407407407407
1 0.4484375 0.314814814815 0.009375 0.0351851851852
1 0.338020833333 0.292592592593 0.00989583333333 0.0342592592593
0 0.549479166667 0.593518518519 0.0109375 0.0407407407407
1 0.0817708333333 0.328703703704 0.0109375 0.0305555555556
