1 0.188020833333 0.365740740741 0.0338541666667 0.10462962963
1 0.626041666667 0.39537037037 0.0286458333333 0.106481481481
1 0.741666666667 0.641666666667 0.0567708333333 0.152777777778
0 0.0666666666667 0.607407407407 0.0682291666667 0.148148148148
0 0.4390625 0.507407407407 0.0546875 0.114814814815
1 0.869791666667 0.436111111111 0.0302083333333 0.112962962963
1 0.05625 0.330555555556 0.034375 0.0944444444444
0 0.6671875 0.40462962963 0.0286458333333 0.0898148148148
0 0.8546875 0.349074074074 0.0291666666667 0.10462962963
1 0.685416666667 0.363888888889 0.0197916666667 0.105555555556
0 0.4953125 0.305555555556 0.0255208333333 0.0981481481481
