1 0.450520833333 0.55 0.0505208333333 0.166666666667
1 0.2203125 0.235185185185 0.0223958333333 0.119444444444
1 0.258333333333 0.458333333333 0.0411458333333 0.15
0 0.818229166667 0.285185185185 0.0239583333333 0.115740740741
1 0.602083333333 0.318518518519 0.025 0.139814814815
0 0.166666666667 0.64537037037 0.0619791666667 0.17037037037
1 0.498958333333 0.17037037037 0.021875 0.108333333333
1 0.368229166667 0.0777777777778 0.0192708333333 0.0814814814815
1 0.43125 0.0157407407407 0.0171875 0.0824074074074
0 0.35 0.0675925925926 0.015625 0.0962962962963
0 0.452083333333 0.42962962963 0.0401041666667 0.131481481481
1 0.0140625 0.499074074074 0.0416666666667 0.15462962963
0 0.0953125 0.585185185185 0.05625 0.163888888889
1 0.794791666667 0.0490740740741 0.0182291666667 0.0851851851852
0 0.501041666667 0.0138888888889 0.0171875 0.0777777777778
1 0.7421875 0.934259259259 0.0473958333333 0.0657407407407
