1 0.5296875 0.437037037037 0.0328125 0.103703703704
1 0.183333333333 0.517592592593 0.0447916666667 0.141666666667
0 0.498958333333 0.435185185185 0.0234375 0.10462962963
0 0.5609375 0.615740740741 0.0515625 0.125
0 0.699479166667 0.475925925926 0.0338541666667 0.102777777778
1 0.3546875 0.416666666667 0.0458333333333 0.114814814815
0 0.746354166667 0.416666666667 0.028125 0.112037037037
1 0.618229166667 0.428703703704 0.0338541666667 0.112962962963
1 0.647916666667 0.487037037037 0.0442708333333 0.126851851852
0 0.308333333333 0.374074074074 0.0255208333333 0.0814814814815
1 0.903645833333 0.82962962963 0.0770833333333 0.159259259259
0 0.81875 0.443518518519 0.025 0.102777777778
0 0.977083333333 0.585185185185 0.0229166666667 0.12037037037
1 0.786458333333 0.403703703704 0.0239583333333 0.0851851851852
0 0.786458333333 0.464814814815 0.028125 0.0953703703704
