1 0.1359375 0.366666666667 0.028125 0.132407407407
1 0.357291666667 0.391666666667 0.0239583333333 0.130555555556
1 0.752083333333 0.418518518519 0.0395833333333 0.141666666667
1 0.838020833333 0.42037037037 0.03125 0.117592592593
1 0.882291666667 0.527777777778 0.0354166666667 0.160185185185
1 0.893229166667 0.353703703704 0.021875 0.12962962963
1 0.623958333333 0.599074074074 0.03125 0.155555555556
1 0.0223958333333 0.342592592593 0.0302083333333 0.119444444444
1 0.0 0.0111111111111 1.0 0.373148148148
1 0.635416666667 0.334259259259 0.0203125 0.10462962963
1 0.497395833333 0.300925925926 0.0203125 0.0833333333333
1 0.777604166667 0.312962962963 0.0177083333333 0.101851851852
1 0.909895833333 0.32962962963 0.0166666666667 0.087962962963
1 0.425520833333 0.288888888889 0.0203125 0.126851851852
1 0.0 0.489814814815 0.0151041666667 0.135185185185
1 0.665104166667 0.311111111111 0.021875 0.0805555555556
1 0.0125 0.307407407407 0.0140625 0.0425925925926
