0 0.69375 0.761111111111 0.040625 0.172222222222
0 0.185416666667 0.546296296296 0.0270833333333 0.136111111111
0 0.3515625 0.337037037037 0.0192708333333 0.0833333333333
0 0.665104166667 0.346296296296 0.0192708333333 0.0796296296296
1 0.852083333333 0.426851851852 0.025 0.106481481481
1 0.491145833333 0.344444444444 0.021875 0.0824074074074
1 0.119791666667 0.481481481481 0.0286458333333 0.126851851852
1 0.00260416666667 0.669444444444 0.0354166666667 0.140740740741
0 0.365104166667 0.251851851852 0.0140625 0.0527777777778
0 0.763020833333 0.49537037037 0.0208333333333 0.0953703703704
1 0.828125 0.332407407407 0.01875 0.0759259259259
1 0.166145833333 0.406481481481 0.021875 0.0990740740741
1 0.3859375 0.448148148148 0.0213541666667 0.0944444444444
1 0.169270833333 0.313888888889 0.0171875 0.0851851851852
1 0.3828125 0.422222222222 0.0145833333333 0.0453703703704
