1 0.140104166667 0.451851851852 0.0307291666667 0.111111111111
0 0.804166666667 0.560185185185 0.0395833333333 0.103703703704
0 0.263020833333 0.742592592593 0.0708333333333 0.180555555556
1 0.621875 0.502777777778 0.025 0.124074074074
1 0.1515625 0.72962962963 0.046875 0.184259259259
1 0.0609375 0.258333333333 0.0223958333333 0.0759259259259
0 0.341145833333 0.526851851852 0.0411458333333 0.0814814814815
0 0.5125 0.409259259259 0.0354166666667 0.0953703703704
0 0.205208333333 0.2 0.0161458333333 0.075
1 0.608854166667 0.42962962963 0.0265625 0.0787037037037
0 0.234375 0.293518518519 0.0265625 0.0731481481481
