0 0.395833333333 0.47962962963 0.0588541666667 0.124074074074
1 0.269270833333 0.372222222222 0.0369791666667 0.152777777778
0 0.0151041666667 0.322222222222 0.0505208333333 0.137962962963
1 0.451041666667 0.515740740741 0.0614583333333 0.134259259259
1 0.565625 0.849074074074 0.0432291666667 0.150925925926
0 0.183854166667 0.392592592593 0.0333333333333 0.144444444444
0 0.658333333333 0.825925925926 0.0359375 0.169444444444
1 0.117708333333 0.551851851852 0.0432291666667 0.189814814815
0 0.871354166667 0.450925925926 0.0546875 0.156481481481
1 0.942708333333 0.812037037037 0.0401041666667 0.182407407407
1 0.5890625 0.183333333333 0.0421875 0.133333333333
0 0.304166666667 0.397222222222 0.040625 0.12037037037
0 0.9125 0.300925925926 0.0458333333333 0.153703703704
0 0.677604166667 0.315740740741 0.0359375 0.140740740741
1 0.765104166667 0.353703703704 0.025 0.138888888889
0 0.861458333333 0.386111111111 0.0338541666667 0.124074074074
