0 0.144270833333 0.657407407407 0.0307291666667 0.164814814815
1 0.430729166667 0.742592592593 0.0473958333333 0.185185185185
1 0.2109375 0.531481481481 0.0322916666667 0.126851851852
0 0.826041666667 0.390740740741 0.0286458333333 0.108333333333
1 0.15625 0.297222222222 0.0213541666667 0.101851851852
1 0.6828125 0.316666666667 0.0234375 0.0944444444444
1 0.358854166667 0.45462962963 0.0223958333333 0.101851851852
0 0.7453125 0.563888888889 0.040625 0.126851851852
0 0.364583333333 0.547222222222 0.0395833333333 0.136111111111
1 0.583854166667 0.358333333333 0.0197916666667 0.100925925926
0 0.795833333333 0.776851851852 0.05 0.183333333333
0 0.6046875 0.35 0.0197916666667 0.0944444444444
1 0.634895833333 0.391666666667 0.0234375 0.114814814815
1 0.70625 0.494444444444 0.0338541666667 0.146296296296
1 0.338541666667 0.534259259259 0.0276041666667 0.122222222222
