0 0.829166666667 0.55462962963 0.0296875 0.143518518519
1 0.1421875 0.577777777778 0.0421875 0.140740740741
0 0.351041666667 0.468518518519 0.0270833333333 0.0888888888889
0 0.571354166667 0.453703703704 0.0208333333333 0.103703703704
0 0.290104166667 0.401851851852 0.0276041666667 0.107407407407
1 0.247916666667 0.442592592593 0.0234375 0.105555555556
1 0.425 0.468518518519 0.0239583333333 0.115740740741
0 0.394270833333 0.487037037037 0.0296875 0.101851851852
0 0.516666666667 0.606481481481 0.028125 0.136111111111
1 0.381770833333 0.374074074074 0.0192708333333 0.0824074074074
0 0.464583333333 0.409259259259 0.0223958333333 0.1
0 0.7078125 0.487037037037 0.0197916666667 0.124074074074
1 0.622916666667 0.546296296296 0.0307291666667 0.119444444444
1 0.406770833333 0.416666666667 0.025 0.0925925925926
1 0.639583333333 0.508333333333 0.0276041666667 0.101851851852
