1 0.341666666667 0.398148148148 0.0213541666667 0.132407407407
1 0.8484375 0.371296296296 0.0265625 0.123148148148
1 0.1125 0.363888888889 0.034375 0.112962962963
0 0.538541666667 0.628703703704 0.0395833333333 0.158333333333
0 0.170833333333 0.35462962963 0.0307291666667 0.14537037037
0 0.730729166667 0.414814814815 0.0234375 0.117592592593
1 0.81875 0.549074074074 0.034375 0.160185185185
1 0.4859375 0.302777777778 0.021875 0.0916666666667
0 0.613020833333 0.337962962963 0.0192708333333 0.113888888889
1 0.7390625 0.327777777778 0.0260416666667 0.0944444444444
0 0.9 0.326851851852 0.0255208333333 0.106481481481
0 0.409895833333 0.32037037037 0.0182291666667 0.0972222222222
0 0.521875 0.317592592593 0.0140625 0.0564814814815
