1 0.107291666667 0.240740740741 0.0265625 0.122222222222
1 0.600520833333 0.278703703704 0.0255208333333 0.121296296296
1 0.953125 0.231481481481 0.0255208333333 0.105555555556
1 0.08125 0.434259259259 0.0421875 0.12037037037
1 0.5390625 0.210185185185 0.0203125 0.102777777778
1 0.530729166667 0.337962962963 0.046875 0.115740740741
0 0.298958333333 0.419444444444 0.0354166666667 0.125
0 0.5265625 0.536111111111 0.0635416666667 0.136111111111
0 0.669270833333 0.282407407407 0.0416666666667 0.137962962963
1 0.514583333333 0.266666666667 0.0260416666667 0.112962962963
1 0.2296875 0.182407407407 0.0192708333333 0.0981481481481
1 0.0505208333333 0.322222222222 0.0432291666667 0.128703703704
0 0.2515625 0.159259259259 0.0182291666667 0.0916666666667
1 0.8109375 0.396296296296 0.0364583333333 0.140740740741
0 0.0619791666667 0.242592592593 0.0291666666667 0.103703703704
0 0.718229166667 0.175925925926 0.0182291666667 0.0935185185185
