1 0.54296875 0.338888888889 0.04140625 0.104166666667
0 0.49453125 0.436111111111 0.053125 0.152777777778
0 0.54140625 0.380555555556 0.06171875 0.109722222222
0 0.4640625 0.519444444444 0.040625 0.116666666667
0 0.3375 0.368055555556 0.03671875 0.1625
1 0.5546875 0.441666666667 0.04140625 0.119444444444
1 0.6734375 0.511111111111 0.05546875 0.129166666667
0 0.70625 0.184722222222 0.04921875 0.163888888889
1 0.75078125 0.3125 0.05625 0.134722222222
0 0.6984375 0.408333333333 0.040625 0.108333333333
0 0.703125 0.475 0.02734375 0.109722222222
