1 0.24609375 0.4 0.06171875 0.154166666667
0 0.27734375 0.476388888889 0.05625 0.122222222222
0 0.2421875 -0.00138888888889 0.0578125 0.102777777778
0 0.56015625 0.0333333333333 0.03515625 0.104166666667
1 0.3015625 0.0972222222222 0.04609375 0.113888888889
0 0.25390625 0.401388888889 0.05 0.143055555556
0 0.3578125 0.706944444444 0.0671875 0.152777777778
1 0.5703125 0.3125 0.040625 0.151388888889
1 0.58828125 0.609722222222 0.03515625 0.131944444444
0 0.2984375 0.731944444444 0.03203125 0.165277777778
0 0.4109375 0.0 0.053125 0.0888888888889
