1 0.06328125 0.377777777778 0.0453125 0.0958333333333
1 0.3390625 0.363888888889 0.0390625 0.1375
1 0.26015625 0.415277777778 0.04140625 0.118055555556
1 0.5796875 0.515277777778 0.05 0.144444444444
1 0.46953125 0.795833333333 0.06796875 0.308333333333
0 0.13203125 0.297222222222 0.04765625 0.156944444444
0 0.18125 0.397222222222 0.0453125 0.119444444444
0 0.59609375 0.5125 0.04609375 0.136111111111
0 0.378125 0.351388888889 0.05234375 0.111111111111
0 0.45625 0.525 0.03125 0.102777777778
0 0.6 0.551388888889 0.059375 0.177777777778
0 0.134375 0.659722222222 0.05 0.166666666667
0 0.4859375 0.445833333333 0.04453125 0.111111111111
