1 0.6046875 0.338888888889 0.04375 0.109722222222
0 0.50546875 0.427777777778 0.05859375 0.168055555556
0 0.5765625 0.355555555556 0.07890625 0.140277777778
0 0.5125 0.433333333333 0.0546875 0.155555555556
0 0.35390625 0.351388888889 0.040625 0.177777777778
1 0.64375 0.526388888889 0.04140625 0.119444444444
1 0.67890625 0.525 0.06484375 0.15
0 0.7375 0.195833333333 0.0421875 0.141666666667
1 0.78515625 0.330555555556 0.06171875 0.148611111111
0 0.62109375 0.404166666667 0.04453125 0.119444444444
0 0.58671875 0.530555555556 0.03046875 0.120833333333
