1 0.546875 0.341666666667 0.04140625 0.104166666667
0 0.4890625 0.445833333333 0.053125 0.152777777778
0 0.54296875 0.379166666667 0.06171875 0.109722222222
0 0.47421875 0.513888888889 0.0453125 0.127777777778
0 0.3375 0.379166666667 0.03515625 0.154166666667
1 0.56875 0.463888888889 0.04140625 0.119444444444
1 0.66015625 0.515277777778 0.05546875 0.129166666667
0 0.70390625 0.1875 0.04921875 0.163888888889
1 0.75703125 0.325 0.05625 0.134722222222
0 0.66796875 0.416666666667 0.04453125 0.119444444444
0 0.67421875 0.481944444444 0.02734375 0.109722222222
