1 0.046875 0.377777777778 0.03984375 0.1
1 0.21328125 0.229166666667 0.03515625 0.101388888889
0 0.1703125 0.368055555556 0.05390625 0.116666666667
0 0.40859375 0.452777777778 0.04765625 0.134722222222
0 0.42578125 0.247222222222 0.04140625 0.106944444444
1 0.5734375 0.248611111111 0.03515625 0.0861111111111
0 0.61328125 0.290277777778 0.01953125 0.0569444444444
0 0.6640625 0.368055555556 0.03046875 0.0902777777778
0 0.778125 0.244444444444 0.04375 0.118055555556
1 0.88203125 0.215277777778 0.0359375 0.108333333333
1 0.8765625 0.297222222222 0.0328125 0.0930555555556
1 0.81015625 0.468055555556 0.0390625 0.143055555556
1 0.56171875 0.394444444444 0.04609375 0.113888888889
0 0.6703125 0.518055555556 0.04296875 0.123611111111
0 0.925 0.559722222222 0.05078125 0.143055555556
