0 0.52734375 0.305555555556 0.03359375 0.119444444444
1 0.8703125 0.369444444444 0.04609375 0.163888888889
0 0.86953125 0.373611111111 0.04765625 0.159722222222
0 0.82265625 0.366666666667 0.02265625 0.102777777778
1 0.4953125 0.270833333333 0.0296875 0.115277777778
1 0.5515625 0.543055555556 0.0328125 0.172222222222
0 0.42578125 0.444444444444 0.0265625 0.1375
0 0.30390625 0.573611111111 0.0390625 0.144444444444
0 0.1265625 0.716666666667 0.0578125 0.176388888889
1 0.1125 0.665277777778 0.07109375 0.172222222222
