1 0.06328125 0.393055555556 0.04375 0.109722222222
1 0.2359375 0.236111111111 0.03515625 0.101388888889
0 0.190625 0.369444444444 0.05390625 0.116666666667
0 0.43671875 0.420833333333 0.05234375 0.148611111111
0 0.4515625 0.256944444444 0.04140625 0.106944444444
1 0.60390625 0.251388888889 0.03203125 0.0777777777778
0 0.61015625 0.291666666667 0.01796875 0.0513888888889
0 0.61953125 0.383333333333 0.03203125 0.0944444444444
0 0.78984375 0.238888888889 0.04375 0.118055555556
1 0.89765625 0.215277777778 0.0359375 0.108333333333
1 0.8984375 0.301388888889 0.0328125 0.0930555555556
1 0.85703125 0.468055555556 0.0390625 0.143055555556
1 0.51796875 0.386111111111 0.0421875 0.102777777778
0 0.7015625 0.513888888889 0.04296875 0.123611111111
0 0.93125 0.558333333333 0.0484375 0.136111111111
