1 0.2203125 0.397222222222 0.06171875 0.154166666667
0 0.25078125 0.518055555556 0.059375 0.129166666667
0 0.2359375 0.0 0.0546875 0.0972222222222
0 0.575 0.00833333333333 0.03515625 0.104166666667
1 0.31796875 0.0638888888889 0.0421875 0.102777777778
0 0.22734375 0.394444444444 0.04765625 0.136111111111
0 0.3578125 0.705555555556 0.0671875 0.152777777778
1 0.56328125 0.297222222222 0.03828125 0.144444444444
1 0.5578125 0.591666666667 0.03828125 0.145833333333
0 0.30390625 0.763888888889 0.03046875 0.156944444444
