0 0.4734375 0.434722222222 0.0640625 0.145833333333
1 0.62890625 0.383333333333 0.03359375 0.155555555556
1 0.5578125 0.476388888889 0.03125 0.163888888889
0 0.478125 0.409722222222 0.034375 0.175
0 0.47734375 0.405555555556 0.0390625 0.145833333333
0 0.36015625 0.395833333333 0.059375 0.159722222222
1 0.53125 0.468055555556 0.0578125 0.141666666667
0 0.86953125 0.373611111111 0.0265625 0.131944444444
1 0.82578125 0.420833333333 0.0359375 0.118055555556
0 0.53984375 0.447222222222 0.03203125 0.136111111111
0 0.64296875 0.429166666667 0.03203125 0.131944444444
0 0.4296875 0.498611111111 0.040625 0.0805555555556
0 0.86875 0.780555555556 0.06875 0.219444444444
