1 0.103125 0.326388888889 0.05 0.106944444444
1 0.27578125 0.230555555556 0.0296875 0.105555555556
1 0.50546875 0.380555555556 0.04375 0.123611111111
1 0.6828125 0.4 0.0671875 0.148611111111
1 0.6796875 0.5125 0.06015625 0.144444444444
0 0.19140625 0.197222222222 0.03046875 0.0958333333333
0 0.2328125 0.3125 0.04296875 0.109722222222
0 0.8171875 0.513888888889 0.0515625 0.134722222222
0 0.32578125 0.193055555556 0.0390625 0.101388888889
0 0.54921875 0.447222222222 0.0390625 0.130555555556
0 0.69296875 0.426388888889 0.04453125 0.133333333333
0 0.353125 0.601388888889 0.04296875 0.144444444444
0 0.49140625 0.293055555556 0.04296875 0.119444444444
1 0.321875 0.595833333333 0.03515625 0.161111111111
