0 0.4796875 0.440277777778 0.0640625 0.145833333333
1 0.6390625 0.348611111111 0.04296875 0.2
1 0.55234375 0.468055555556 0.03125 0.163888888889
0 0.4890625 0.416666666667 0.0359375 0.184722222222
0 0.48671875 0.436111111111 0.0390625 0.145833333333
0 0.37109375 0.409722222222 0.05625 0.152777777778
1 0.5296875 0.472222222222 0.0640625 0.155555555556
0 0.87890625 0.381944444444 0.025 0.125
1 0.8140625 0.431944444444 0.0359375 0.118055555556
0 0.484375 0.452777777778 0.03046875 0.129166666667
0 0.615625 0.436111111111 0.03203125 0.131944444444
0 0.425 0.502777777778 0.040625 0.0805555555556
0 0.8171875 0.768055555556 0.071875 0.230555555556
1 0.8765625 0.725 0.0578125 0.220833333333
