1 0.03671875 0.35 0.05234375 0.111111111111
1 0.19140625 0.268055555556 0.0546875 0.111111111111
1 0.5046875 0.401388888889 0.04375 0.123611111111
1 0.6 0.441666666667 0.0609375 0.134722222222
1 0.68125 0.511111111111 0.06640625 0.159722222222
0 0.10390625 0.234722222222 0.0390625 0.122222222222
0 0.16328125 0.333333333333 0.04765625 0.125
0 0.69453125 0.502777777778 0.04921875 0.127777777778
0 0.25 0.229166666667 0.04765625 0.122222222222
0 0.509375 0.473611111111 0.04140625 0.1375
0 0.571875 0.443055555556 0.03984375 0.120833333333
0 0.26015625 0.591666666667 0.04296875 0.144444444444
0 0.42890625 0.325 0.05234375 0.145833333333
1 0.209375 0.576388888889 0.0234375 0.161111111111
