1 0.03125 0.375 0.05234375 0.111111111111
1 0.1875 0.291666666667 0.0546875 0.111111111111
1 0.4984375 0.413888888889 0.04375 0.123611111111
1 0.58984375 0.473611111111 0.05859375 0.127777777778
1 0.66015625 0.566666666667 0.06015625 0.144444444444
0 0.09765625 0.254166666667 0.0390625 0.122222222222
0 0.15703125 0.358333333333 0.04765625 0.125
0 0.68203125 0.543055555556 0.0421875 0.111111111111
0 0.24765625 0.258333333333 0.04765625 0.122222222222
0 0.5140625 0.497222222222 0.04140625 0.1375
0 0.5515625 0.476388888889 0.0421875 0.126388888889
0 0.20546875 0.601388888889 0.04296875 0.144444444444
0 0.421875 0.352777777778 0.05 0.138888888889
1 0.159375 0.583333333333 0.02421875 0.169444444444
