0 0.528125 0.401388888889 0.0609375 0.138888888889
1 0.5765625 0.384722222222 0.03046875 0.141666666667
1 0.53359375 0.458333333333 0.03125 0.163888888889
0 0.54609375 0.379166666667 0.0296875 0.151388888889
0 0.54296875 0.381944444444 0.03671875 0.138888888889
0 0.325 0.383333333333 0.05390625 0.145833333333
1 0.38984375 0.454166666667 0.04296875 0.105555555556
0 0.92421875 0.355555555556 0.0265625 0.131944444444
1 0.80625 0.420833333333 0.03125 0.101388888889
0 0.85234375 0.475 0.03671875 0.158333333333
0 0.9515625 0.427777777778 0.03359375 0.138888888889
