1 0.13828125 0.45 0.05078125 0.126388888889
0 0.1796875 0.502777777778 0.0625 0.134722222222
0 0.2640625 0.00138888888889 0.0609375 0.108333333333
0 0.61796875 -0.0347222222222 0.03046875 0.0902777777778
1 0.4203125 -0.00138888888889 0.03125 0.0777777777778
0 0.290625 0.473611111111 0.040625 0.118055555556
0 0.3875 0.697222222222 0.0609375 0.138888888889
1 0.6578125 0.25 0.04453125 0.166666666667
1 0.54140625 0.583333333333 0.03671875 0.138888888889
0 0.4359375 0.758333333333 0.02734375 0.143055555556
