1 0.165625 0.340277777778 0.0453125 0.0958333333333
1 0.34765625 0.240277777778 0.028125 0.101388888889
1 0.4984375 0.419444444444 0.0390625 0.1125
1 0.709375 0.401388888889 0.0609375 0.134722222222
1 0.5921875 0.579166666667 0.06328125 0.152777777778
0 0.23515625 0.194444444444 0.0296875 0.0916666666667
0 0.29765625 0.313888888889 0.040625 0.104166666667
0 0.83359375 0.551388888889 0.05703125 0.148611111111
0 0.40234375 0.194444444444 0.03515625 0.0916666666667
0 0.5625 0.455555555556 0.0375 0.125
0 0.81796875 0.384722222222 0.0421875 0.126388888889
0 0.29609375 0.641666666667 0.04765625 0.158333333333
0 0.528125 0.281944444444 0.04765625 0.131944444444
1 0.29765625 0.655555555556 0.03203125 0.145833333333
