1 0.04609375 0.404166666667 0.04765625 0.101388888889
1 0.20546875 0.323611111111 0.0546875 0.148611111111
1 0.44765625 0.420833333333 0.03984375 0.1125
1 0.53984375 0.515277777778 0.0640625 0.183333333333
1 0.60078125 0.652777777778 0.0546875 0.198611111111
0 0.11953125 0.291666666667 0.04140625 0.129166666667
0 0.18125 0.397222222222 0.0453125 0.119444444444
0 0.6234375 0.531944444444 0.06171875 0.181944444444
0 0.27578125 0.298611111111 0.04765625 0.122222222222
0 0.53671875 0.533333333333 0.0390625 0.130555555556
0 0.63203125 0.559722222222 0.046875 0.138888888889
0 0.1640625 0.604166666667 0.04765625 0.158333333333
0 0.43125 0.390277777778 0.05546875 0.152777777778
1 0.075 0.634722222222 0.0296875 0.205555555556
