1 0.0484375 0.398611111111 0.0453125 0.0958333333333
1 0.31328125 0.372222222222 0.040625 0.111111111111
1 0.26953125 0.402777777778 0.04375 0.123611111111
1 0.5578125 0.526388888889 0.05234375 0.151388888889
1 0.50390625 0.755555555556 0.0828125 0.373611111111
0 0.1375 0.319444444444 0.0390625 0.122222222222
0 0.209375 0.4 0.0453125 0.119444444444
0 0.5609375 0.511111111111 0.06171875 0.181944444444
0 0.3625 0.35 0.04296875 0.111111111111
0 0.5140625 0.544444444444 0.03125 0.102777777778
0 0.5953125 0.576388888889 0.04921875 0.145833333333
0 0.1296875 0.648611111111 0.04765625 0.158333333333
0 0.4875 0.420833333333 0.04140625 0.113888888889
