0 0.3359375 0.283333333333 0.03671875 0.130555555556
1 0.62734375 0.361111111111 0.03984375 0.141666666667
0 0.62265625 0.359722222222 0.0453125 0.152777777778
0 0.9078125 0.683333333333 0.05234375 0.208333333333
1 0.93984375 0.280555555556 0.02734375 0.0611111111111
0 0.55078125 0.340277777778 0.03046875 0.1375
1 0.32109375 0.270833333333 0.0234375 0.0902777777778
1 0.3453125 0.522222222222 0.0328125 0.172222222222
0 0.1953125 0.4375 0.028125 0.144444444444
0 0.09921875 0.576388888889 0.040625 0.152777777778
