0 0.0109375 0.281944444444 0.03359375 0.119444444444
1 0.11328125 0.376388888889 0.04375 0.155555555556
0 0.2609375 0.401388888889 0.0453125 0.152777777778
0 0.45859375 0.645833333333 0.05234375 0.208333333333
0 0.55859375 0.3 0.034375 0.0944444444444
0 0.6703125 0.370833333333 0.0515625 0.113888888889
0 0.88984375 0.395833333333 0.06171875 0.159722222222
1 0.7484375 0.325 0.06015625 0.148611111111
1 0.71953125 0.472222222222 0.06875 0.173611111111
1 0.559375 0.251388888889 0.025 0.0555555555556
