1 0.125 0.331944444444 0.04765625 0.101388888889
1 0.30546875 0.225 0.0296875 0.105555555556
1 0.50546875 0.386111111111 0.04375 0.123611111111
1 0.71484375 0.397222222222 0.0640625 0.141666666667
1 0.6671875 0.515277777778 0.05703125 0.1375
0 0.21796875 0.194444444444 0.03046875 0.0958333333333
0 0.259375 0.298611111111 0.0453125 0.115277777778
0 0.83125 0.531944444444 0.05703125 0.148611111111
0 0.35234375 0.190277777778 0.0375 0.0958333333333
0 0.55859375 0.448611111111 0.0390625 0.130555555556
0 0.7203125 0.397222222222 0.04921875 0.145833333333
0 0.35234375 0.618055555556 0.04296875 0.144444444444
0 0.5109375 0.294444444444 0.0390625 0.108333333333
1 0.33046875 0.620833333333 0.03203125 0.145833333333
