1 0.05234375 0.398611111111 0.0453125 0.0958333333333
1 0.26328125 0.348611111111 0.0515625 0.141666666667
1 0.36953125 0.4125 0.0375 0.106944444444
1 0.55234375 0.530555555556 0.0640625 0.183333333333
1 0.5953125 0.676388888889 0.0546875 0.198611111111
0 0.13984375 0.302777777778 0.04140625 0.129166666667
0 0.228125 0.391666666667 0.0453125 0.119444444444
0 0.5640625 0.516666666667 0.075 0.220833333333
0 0.3234375 0.323611111111 0.04296875 0.111111111111
0 0.5453125 0.522222222222 0.0453125 0.151388888889
0 0.58046875 0.544444444444 0.05390625 0.161111111111
0 0.1609375 0.601388888889 0.05 0.166666666667
0 0.44765625 0.397222222222 0.0453125 0.125
