1 0.19453125 0.309722222222 0.04375 0.109722222222
1 0.4140625 0.0416666666667 0.046875 0.136111111111
0 0.284375 0.291666666667 0.04453125 0.0958333333333
0 0.53671875 0.2 0.05234375 0.0930555555556
0 0.6359375 0.0430555555556 0.04140625 0.106944444444
1 0.77421875 0.0819444444444 0.03203125 0.0777777777778
0 0.740625 0.125 0.02109375 0.0597222222222
0 0.7 0.204166666667 0.03203125 0.0944444444444
1 0.65859375 0.172222222222 0.03984375 0.0986111111111
0 0.79921875 0.372222222222 0.03203125 0.0916666666667
