1 0.12109375 0.322222222222 0.04765625 0.101388888889
1 0.29765625 0.234722222222 0.0296875 0.105555555556
1 0.50546875 0.381944444444 0.04375 0.123611111111
1 0.70703125 0.395833333333 0.0671875 0.148611111111
1 0.67421875 0.516666666667 0.05703125 0.1375
0 0.21171875 0.195833333333 0.03046875 0.0958333333333
0 0.25234375 0.306944444444 0.0453125 0.115277777778
0 0.82734375 0.5125 0.05703125 0.148611111111
0 0.34609375 0.190277777778 0.0375 0.0958333333333
0 0.55703125 0.444444444444 0.0390625 0.130555555556
0 0.71484375 0.394444444444 0.04921875 0.145833333333
0 0.35234375 0.616666666667 0.04296875 0.144444444444
0 0.50546875 0.290277777778 0.04296875 0.119444444444
1 0.33046875 0.611111111111 0.03359375 0.152777777778
