0 0.25 0.283333333333 0.03671875 0.130555555556
1 0.4828125 0.352777777778 0.0375 0.134722222222
0 0.49375 0.377777777778 0.0375 0.125
0 0.74453125 0.643055555556 0.06328125 0.252777777778
0 0.85390625 0.318055555556 0.034375 0.0944444444444
0 0.909375 0.369444444444 0.0515625 0.113888888889
1 0.809375 0.268055555556 0.025 0.0555555555556
0 0.39453125 0.358333333333 0.02734375 0.125
1 0.2265625 0.261111111111 0.02578125 0.0986111111111
1 0.2046875 0.501388888889 0.034375 0.180555555556
0 0.059375 0.440277777778 0.028125 0.144444444444
