1 0.03203125 0.381944444444 0.05234375 0.111111111111
1 0.1875 0.297222222222 0.0546875 0.111111111111
1 0.496875 0.416666666667 0.04375 0.123611111111
1 0.5890625 0.480555555556 0.05546875 0.122222222222
1 0.65078125 0.568055555556 0.06015625 0.144444444444
0 0.0984375 0.259722222222 0.0390625 0.122222222222
0 0.1578125 0.363888888889 0.04765625 0.125
0 0.6796875 0.536111111111 0.04453125 0.116666666667
0 0.24921875 0.2625 0.04765625 0.122222222222
0 0.51484375 0.5 0.04140625 0.1375
0 0.55 0.481944444444 0.0421875 0.126388888889
0 0.196875 0.605555555556 0.0453125 0.151388888889
0 0.42109375 0.359722222222 0.05 0.138888888889
1 0.15234375 0.593055555556 0.02421875 0.169444444444
