1 0.59453125 0.341666666667 0.04140625 0.104166666667
0 0.51640625 0.438888888889 0.05625 0.159722222222
0 0.58671875 0.370833333333 0.06484375 0.115277777778
0 0.5140625 0.466666666667 0.05234375 0.148611111111
0 0.36484375 0.363888888889 0.0390625 0.169444444444
1 0.64296875 0.495833333333 0.04140625 0.119444444444
1 0.68671875 0.520833333333 0.06484375 0.15
0 0.74140625 0.198611111111 0.04453125 0.148611111111
1 0.79609375 0.333333333333 0.06171875 0.148611111111
0 0.64375 0.422222222222 0.04453125 0.119444444444
0 0.625 0.506944444444 0.03203125 0.126388888889
