1 0.478125 0.284722222222 0.078125 0.197222222222
0 0.27890625 0.263888888889 0.07890625 0.172222222222
0 0.5640625 0.105555555556 0.0453125 0.133333333333
1 0.34609375 0.0569444444444 0.04609375 0.113888888889
0 0.39921875 0.3875 0.040625 0.118055555556
0 0.5375 0.443055555556 0.05234375 0.119444444444
1 0.61328125 0.202777777778 0.046875 0.175
1 0.53671875 0.419444444444 0.0515625 0.194444444444
0 0.31875 0.494444444444 0.03515625 0.181944444444
0 0.42578125 0.104166666667 0.05859375 0.0986111111111
