1 0.08515625 0.418055555556 0.0375 0.0944444444444
1 0.2578125 0.236111111111 0.03515625 0.101388888889
0 0.20703125 0.416666666667 0.04921875 0.105555555556
0 0.4484375 0.394444444444 0.0578125 0.102777777778
0 0.48125 0.252777777778 0.04140625 0.106944444444
1 0.63125 0.244444444444 0.03359375 0.0819444444444
0 0.62109375 0.283333333333 0.02109375 0.0597222222222
0 0.5984375 0.372222222222 0.03046875 0.0902777777778
0 0.80859375 0.227777777778 0.04609375 0.123611111111
1 0.90625 0.216666666667 0.034375 0.102777777778
1 0.925 0.294444444444 0.0328125 0.0930555555556
1 0.90078125 0.4625 0.0375 0.136111111111
1 0.51484375 0.361111111111 0.0421875 0.102777777778
0 0.7171875 0.523611111111 0.0390625 0.1125
0 0.94765625 0.541666666667 0.05078125 0.143055555556
