1 0.5765625 0.341666666667 0.04140625 0.104166666667
0 0.5125 0.455555555556 0.053125 0.152777777778
0 0.5734375 0.377777777778 0.05859375 0.104166666667
0 0.50390625 0.495833333333 0.04921875 0.141666666667
0 0.3609375 0.372222222222 0.0390625 0.169444444444
1 0.62265625 0.480555555556 0.04140625 0.119444444444
1 0.68203125 0.534722222222 0.05859375 0.136111111111
0 0.73125 0.2 0.046875 0.155555555556
1 0.79296875 0.338888888889 0.05625 0.134722222222
0 0.6609375 0.409722222222 0.0515625 0.1375
0 0.6625 0.5 0.0265625 0.104166666667
