1 0.19609375 0.309722222222 0.04375 0.109722222222
1 0.41875 0.0319444444444 0.04453125 0.129166666667
0 0.28515625 0.2875 0.04453125 0.0958333333333
0 0.5390625 0.190277777778 0.05234375 0.0930555555556
0 0.6390625 0.0319444444444 0.04140625 0.106944444444
1 0.7765625 0.0708333333333 0.03203125 0.0777777777778
0 0.74296875 0.113888888889 0.021875 0.0625
0 0.70390625 0.195833333333 0.03203125 0.0944444444444
1 0.6625 0.1625 0.03984375 0.0986111111111
0 0.79921875 0.368055555556 0.03203125 0.0916666666667
