1 0.303125 0.286111111111 0.0390625 0.0833333333333
1 0.43046875 0.359722222222 0.040625 0.104166666667
1 0.47890625 0.488888888889 0.04375 0.123611111111
1 0.62421875 0.426388888889 0.0453125 0.130555555556
1 0.5375 0.802777777778 0.06484375 0.197222222222
0 0.28046875 0.265277777778 0.03203125 0.106944444444
0 0.21484375 0.376388888889 0.0453125 0.119444444444
0 0.78515625 0.509722222222 0.053125 0.156944444444
0 0.45234375 0.327777777778 0.04296875 0.0916666666667
0 0.49921875 0.591666666667 0.0390625 0.130555555556
0 0.61171875 0.651388888889 0.0625 0.186111111111
0 0.39375 0.718055555556 0.05 0.166666666667
0 0.59609375 0.4125 0.03515625 0.108333333333
