0 0.52265625 0.397222222222 0.0609375 0.138888888889
1 0.57578125 0.372222222222 0.03203125 0.148611111111
1 0.534375 0.458333333333 0.03125 0.163888888889
0 0.5375 0.379166666667 0.0296875 0.151388888889
0 0.5375 0.377777777778 0.0390625 0.145833333333
0 0.3234375 0.380555555556 0.05390625 0.145833333333
1 0.4015625 0.451388888889 0.04296875 0.105555555556
0 0.91953125 0.365277777778 0.0265625 0.131944444444
1 0.8015625 0.419444444444 0.03125 0.101388888889
0 0.84453125 0.480555555556 0.03515625 0.15
0 0.93671875 0.436111111111 0.03203125 0.131944444444
