1 0.046875 0.4 0.0453125 0.0958333333333
1 0.30390625 0.369444444444 0.040625 0.111111111111
1 0.28828125 0.3875 0.04609375 0.129166666667
1 0.55859375 0.536111111111 0.05234375 0.151388888889
1 0.540625 0.752777777778 0.05703125 0.208333333333
0 0.1421875 0.320833333333 0.0390625 0.122222222222
0 0.22578125 0.4 0.0453125 0.119444444444
0 0.56171875 0.518055555556 0.06796875 0.2
0 0.35703125 0.347222222222 0.04296875 0.111111111111
0 0.5296875 0.541666666667 0.03125 0.102777777778
0 0.5921875 0.573611111111 0.04921875 0.145833333333
0 0.1359375 0.645833333333 0.04765625 0.158333333333
0 0.484375 0.413888888889 0.04140625 0.113888888889
