1 0.046875 0.4 0.0453125 0.0958333333333
1 0.3078125 0.372222222222 0.040625 0.111111111111
1 0.2765625 0.397222222222 0.04375 0.123611111111
1 0.56015625 0.540277777778 0.05234375 0.151388888889
1 0.53359375 0.754166666667 0.05703125 0.208333333333
0 0.14140625 0.320833333333 0.0390625 0.122222222222
0 0.22109375 0.404166666667 0.0453125 0.119444444444
0 0.56328125 0.525 0.06171875 0.181944444444
0 0.35859375 0.347222222222 0.04296875 0.111111111111
0 0.52265625 0.533333333333 0.03125 0.102777777778
0 0.59453125 0.576388888889 0.04921875 0.145833333333
0 0.13359375 0.647222222222 0.04765625 0.158333333333
0 0.48515625 0.418055555556 0.04140625 0.113888888889
