1 0.12265625 0.394444444444 0.05078125 0.126388888889
0 0.18203125 0.445833333333 0.059375 0.129166666667
0 0.29765625 -0.00138888888889 0.0609375 0.108333333333
0 0.61796875 -0.0472222222222 0.02890625 0.0861111111111
1 0.453125 -0.0305555555556 0.0296875 0.0736111111111
0 0.321875 0.459722222222 0.040625 0.118055555556
0 0.434375 0.623611111111 0.0609375 0.138888888889
1 0.67109375 0.218055555556 0.040625 0.151388888889
1 0.5171875 0.601388888889 0.0421875 0.159722222222
0 0.52109375 0.690277777778 0.02734375 0.143055555556
