1 0.140625 0.445833333333 0.053125 0.133333333333
0 0.18046875 0.505555555556 0.0625 0.134722222222
0 0.26015625 0.0 0.0609375 0.108333333333
0 0.61875 -0.0347222222222 0.03046875 0.0902777777778
1 0.4171875 -0.00138888888889 0.03125 0.0777777777778
0 0.28828125 0.473611111111 0.040625 0.118055555556
0 0.384375 0.702777777778 0.0609375 0.138888888889
1 0.65703125 0.252777777778 0.0421875 0.159722222222
1 0.540625 0.584722222222 0.03671875 0.138888888889
0 0.428125 0.763888888889 0.02890625 0.15
