0 0.05390625 0.647222222222 0.09609375 0.131944444444
0 0.3234375 0.436111111111 0.08203125 0.391666666667
0 0.40390625 0.440277777778 0.05625 0.322222222222
1 0.42890625 0.440277777778 0.0703125 0.326388888889
1 0.4546875 0.211111111111 0.13828125 0.825
1 0.59296875 0.415277777778 0.05625 0.329166666667
1 0.6046875 0.394444444444 0.078125 0.401388888889
1 0.7109375 0.443055555556 0.04765625 0.251388888889
0 0.23671875 0.476388888889 0.0671875 0.291666666667
1 0.93984375 0.322222222222 0.06015625 0.5
