1 0.2109375 0.331944444444 0.04296875 0.0916666666667
1 0.46484375 0.420833333333 0.04765625 0.120833333333
1 0.42578125 0.475 0.04609375 0.129166666667
1 0.59921875 0.494444444444 0.04296875 0.125
1 0.53828125 0.9125 0.07109375 0.216666666667
0 0.2265625 0.305555555556 0.03671875 0.123611111111
0 0.20234375 0.441666666667 0.04140625 0.108333333333
0 0.73359375 0.494444444444 0.053125 0.156944444444
0 0.47109375 0.379166666667 0.05 0.105555555556
0 0.5 0.563888888889 0.04375 0.144444444444
0 0.66328125 0.684722222222 0.06875 0.205555555556
0 0.30703125 0.723611111111 0.0578125 0.193055555556
0 0.5296875 0.451388888889 0.0421875 0.131944444444
