0 0.50625 0.4375 0.0671875 0.154166666667
1 0.61796875 0.376388888889 0.040625 0.190277777778
1 0.5328125 0.477777777778 0.0328125 0.172222222222
0 0.51875 0.408333333333 0.0359375 0.184722222222
0 0.51953125 0.401388888889 0.040625 0.152777777778
0 0.36875 0.411111111111 0.06875 0.186111111111
1 0.51171875 0.470833333333 0.0640625 0.155555555556
0 0.87109375 0.368055555556 0.025 0.125
1 0.7671875 0.4375 0.034375 0.1125
0 0.38515625 0.375 0.040625 0.173611111111
0 0.578125 0.430555555556 0.03515625 0.145833333333
0 0.3734375 0.501388888889 0.0390625 0.0763888888889
0 0.78515625 0.779166666667 0.06875 0.219444444444
1 0.63671875 0.677777777778 0.05234375 0.2
1 0.81484375 0.523611111111 0.04453125 0.158333333333
