1 0.54453125 0.340277777778 0.04140625 0.104166666667
0 0.49609375 0.433333333333 0.053125 0.152777777778
0 0.54296875 0.381944444444 0.06171875 0.109722222222
0 0.46015625 0.516666666667 0.04296875 0.122222222222
0 0.34140625 0.373611111111 0.03515625 0.154166666667
1 0.5515625 0.441666666667 0.04140625 0.119444444444
1 0.67578125 0.513888888889 0.05546875 0.129166666667
0 0.70859375 0.186111111111 0.04921875 0.163888888889
1 0.7515625 0.311111111111 0.05625 0.134722222222
0 0.71015625 0.404166666667 0.040625 0.108333333333
0 0.7171875 0.456944444444 0.02734375 0.109722222222
