0 0.4890625 0.423611111111 0.0609375 0.138888888889
1 0.584375 0.372222222222 0.03359375 0.155555555556
1 0.55546875 0.454166666667 0.0328125 0.172222222222
0 0.5015625 0.406944444444 0.0296875 0.151388888889
0 0.4984375 0.4 0.040625 0.152777777778
0 0.33359375 0.381944444444 0.05625 0.152777777778
1 0.45703125 0.451388888889 0.04296875 0.105555555556
0 0.8953125 0.363888888889 0.0265625 0.131944444444
1 0.79296875 0.420833333333 0.028125 0.0930555555556
0 0.78203125 0.463888888889 0.03359375 0.143055555556
0 0.84375 0.429166666667 0.03515625 0.145833333333
