1 0.06875 0.405555555556 0.04140625 0.104166666667
1 0.24140625 0.2375 0.03515625 0.101388888889
0 0.196875 0.379166666667 0.04921875 0.105555555556
0 0.4390625 0.413888888889 0.0546875 0.155555555556
0 0.45625 0.255555555556 0.04140625 0.106944444444
1 0.60703125 0.25 0.03359375 0.0819444444444
0 0.6109375 0.291666666667 0.01953125 0.0569444444444
0 0.60859375 0.383333333333 0.03203125 0.0944444444444
0 0.78984375 0.234722222222 0.04609375 0.123611111111
1 0.89375 0.219444444444 0.0359375 0.108333333333
1 0.90078125 0.302777777778 0.0328125 0.0930555555556
1 0.8640625 0.465277777778 0.0390625 0.143055555556
1 0.5125 0.384722222222 0.0421875 0.102777777778
0 0.7046875 0.522222222222 0.04296875 0.123611111111
0 0.93359375 0.554166666667 0.05078125 0.143055555556
