1 0.16953125 0.3375 0.0453125 0.0958333333333
1 0.35 0.245833333333 0.028125 0.101388888889
1 0.4953125 0.419444444444 0.0390625 0.1125
1 0.70546875 0.404166666667 0.0609375 0.134722222222
1 0.58125 0.583333333333 0.06328125 0.152777777778
0 0.2328125 0.186111111111 0.03046875 0.0958333333333
0 0.29921875 0.316666666667 0.040625 0.104166666667
0 0.83046875 0.561111111111 0.05703125 0.148611111111
0 0.40703125 0.191666666667 0.03515625 0.0916666666667
0 0.55859375 0.454166666667 0.0375 0.125
0 0.82734375 0.393055555556 0.0421875 0.126388888889
0 0.28359375 0.6375 0.05 0.166666666667
0 0.52734375 0.273611111111 0.05234375 0.145833333333
1 0.28515625 0.654166666667 0.03046875 0.138888888889
