1 0.18046875 0.427777777778 0.053125 0.133333333333
0 0.19375 0.530555555556 0.0625 0.134722222222
0 0.2140625 0.00138888888889 0.0609375 0.108333333333
0 0.6046875 0.0 0.03046875 0.0902777777778
1 0.36875 0.00138888888889 0.0359375 0.0888888888889
0 0.240625 0.426388888889 0.04296875 0.123611111111
0 0.353125 0.726388888889 0.0640625 0.145833333333
1 0.61640625 0.261111111111 0.0421875 0.159722222222
1 0.5296875 0.590277777778 0.03828125 0.145833333333
0 0.34296875 0.780555555556 0.03046875 0.156944444444
