0 0.49765625 0.444444444444 0.0640625 0.145833333333
1 0.6390625 0.352777777778 0.04296875 0.2
1 0.54765625 0.469444444444 0.0328125 0.172222222222
0 0.50625 0.418055555556 0.034375 0.175
0 0.5046875 0.413888888889 0.0390625 0.145833333333
0 0.3703125 0.4125 0.06171875 0.168055555556
1 0.52578125 0.475 0.0640625 0.155555555556
0 0.878125 0.383333333333 0.02421875 0.119444444444
1 0.79453125 0.434722222222 0.034375 0.1125
0 0.42265625 0.459722222222 0.03203125 0.136111111111
0 0.596875 0.427777777778 0.03515625 0.145833333333
0 0.40859375 0.502777777778 0.0390625 0.0763888888889
0 0.79140625 0.769444444444 0.071875 0.230555555556
1 0.77890625 0.705555555556 0.0578125 0.220833333333
1 0.95078125 0.520833333333 0.04453125 0.158333333333
