1 0.109375 0.329166666667 0.04765625 0.101388888889
1 0.28125 0.230555555556 0.0296875 0.105555555556
1 0.50546875 0.376388888889 0.04375 0.123611111111
1 0.68828125 0.398611111111 0.0671875 0.148611111111
1 0.68046875 0.516666666667 0.05703125 0.1375
0 0.19609375 0.195833333333 0.03046875 0.0958333333333
0 0.23828125 0.3125 0.04296875 0.109722222222
0 0.821875 0.518055555556 0.0515625 0.134722222222
0 0.33203125 0.194444444444 0.0375 0.0958333333333
0 0.5515625 0.445833333333 0.0390625 0.130555555556
0 0.696875 0.413888888889 0.04453125 0.133333333333
0 0.353125 0.606944444444 0.04296875 0.144444444444
0 0.49296875 0.294444444444 0.04296875 0.119444444444
1 0.325 0.602777777778 0.03515625 0.161111111111
