0 0.040625 0.279166666667 0.03515625 0.125
1 0.16484375 0.369444444444 0.04140625 0.148611111111
0 0.278125 0.401388888889 0.0390625 0.131944444444
0 0.49140625 0.644444444444 0.05234375 0.208333333333
0 0.5953125 0.301388888889 0.034375 0.0944444444444
0 0.70390625 0.368055555556 0.0515625 0.113888888889
0 0.93125 0.4 0.05859375 0.152777777778
1 0.7890625 0.338888888889 0.06015625 0.148611111111
1 0.759375 0.477777777778 0.06875 0.173611111111
1 0.59296875 0.258333333333 0.0234375 0.0527777777778
