1 0.30390625 0.286111111111 0.05859375 0.147222222222
0 0.31875 0.297222222222 0.05625 0.122222222222
0 0.565625 -0.00138888888889 0.03515625 0.104166666667
1 0.325 0.0486111111111 0.04375 0.108333333333
0 0.32109375 0.291666666667 0.05234375 0.15
0 0.434375 0.559722222222 0.0640625 0.145833333333
1 0.61328125 0.243055555556 0.0421875 0.159722222222
1 0.5703125 0.434722222222 0.0515625 0.194444444444
0 0.29765625 0.565277777778 0.03046875 0.156944444444
0 0.4203125 -0.0291666666667 0.0484375 0.0805555555556
