1 0.0484375 0.398611111111 0.0453125 0.0958333333333
1 0.2890625 0.352777777778 0.046875 0.129166666667
1 0.31796875 0.405555555556 0.04140625 0.118055555556
1 0.546875 0.536111111111 0.0578125 0.166666666667
1 0.58125 0.7375 0.0515625 0.188888888889
0 0.146875 0.311111111111 0.04140625 0.129166666667
0 0.2375 0.395833333333 0.0453125 0.119444444444
0 0.54609375 0.506944444444 0.078125 0.231944444444
0 0.3484375 0.338888888889 0.040625 0.105555555556
0 0.54375 0.522222222222 0.034375 0.1125
0 0.58828125 0.548611111111 0.0515625 0.154166666667
0 0.1484375 0.623611111111 0.04765625 0.158333333333
0 0.471875 0.404166666667 0.0453125 0.125
