0 0.09765625 0.270833333333 0.0390625 0.1375
1 0.253125 0.355555555556 0.04375 0.155555555556
0 0.3296875 0.394444444444 0.0375 0.125
0 0.5578125 0.640277777778 0.05 0.198611111111
0 0.66171875 0.302777777778 0.034375 0.0944444444444
0 0.7609375 0.359722222222 0.0515625 0.113888888889
0 0.934375 0.404166666667 0.06484375 0.168055555556
1 0.8609375 0.345833333333 0.06015625 0.148611111111
1 0.834375 0.475 0.065625 0.165277777778
1 0.65390625 0.259722222222 0.025 0.0555555555556
0 0.08359375 0.3625 0.03203125 0.144444444444
1 0.08828125 0.258333333333 0.02421875 0.0944444444444
