1 0.18203125 0.372222222222 0.03984375 0.1
1 0.3828125 0.145833333333 0.0390625 0.111111111111
0 0.27421875 0.355555555556 0.046875 0.101388888889
0 0.51875 0.280555555556 0.0546875 0.0972222222222
0 0.60234375 0.152777777778 0.0390625 0.101388888889
1 0.74296875 0.166666666667 0.03203125 0.0777777777778
0 0.7125 0.213888888889 0.02109375 0.0597222222222
0 0.671875 0.284722222222 0.03046875 0.0902777777778
0 0.9328125 0.130555555556 0.04375 0.118055555556
1 0.6234375 0.268055555556 0.03984375 0.0986111111111
0 0.7875 0.447222222222 0.03203125 0.0916666666667
