1 0.128125 0.345833333333 0.05078125 0.126388888889
0 0.1859375 0.408333333333 0.059375 0.129166666667
0 0.31328125 0.0 0.0609375 0.108333333333
0 0.615625 -0.0402777777778 0.02890625 0.0861111111111
1 0.465625 -0.0402777777778 0.03125 0.0777777777778
0 0.334375 0.418055555556 0.040625 0.118055555556
0 0.46328125 0.575 0.0578125 0.131944444444
1 0.67265625 0.195833333333 0.040625 0.151388888889
1 0.55234375 0.619444444444 0.04921875 0.184722222222
0 0.57265625 0.661111111111 0.0265625 0.136111111111
