1 0.56875 0.340277777778 0.0453125 0.115277777778
0 0.5390625 0.384722222222 0.053125 0.152777777778
0 0.56875 0.380555555556 0.06484375 0.115277777778
0 0.421875 0.452777777778 0.06015625 0.170833333333
0 0.3515625 0.370833333333 0.03359375 0.147222222222
1 0.52578125 0.455555555556 0.04140625 0.119444444444
1 0.675 0.490277777778 0.06484375 0.15
0 0.778125 0.159722222222 0.046875 0.155555555556
1 0.76328125 0.2875 0.06171875 0.148611111111
0 0.903125 0.345833333333 0.046875 0.125
0 0.9203125 0.420833333333 0.02890625 0.115277777778
