1 0.1359375 0.451388888889 0.05078125 0.126388888889
0 0.17890625 0.497222222222 0.0625 0.134722222222
0 0.26796875 0.00138888888889 0.0609375 0.108333333333
0 0.61875 -0.0361111111111 0.03046875 0.0902777777778
1 0.4234375 -0.00138888888889 0.03125 0.0777777777778
0 0.29296875 0.476388888889 0.040625 0.118055555556
0 0.39296875 0.693055555556 0.0609375 0.138888888889
1 0.65859375 0.245833333333 0.04453125 0.166666666667
1 0.53984375 0.579166666667 0.03828125 0.145833333333
0 0.4421875 0.75 0.02890625 0.15
