1 0.16875 0.395833333333 0.0375 0.0944444444444
1 0.35703125 0.177777777778 0.0390625 0.111111111111
0 0.265625 0.393055555556 0.046875 0.101388888889
0 0.5015625 0.319444444444 0.05234375 0.0930555555556
0 0.5765625 0.195833333333 0.0390625 0.101388888889
1 0.7203125 0.202777777778 0.03203125 0.0777777777778
0 0.69296875 0.243055555556 0.021875 0.0625
0 0.65 0.319444444444 0.03046875 0.0902777777778
0 0.90234375 0.173611111111 0.04140625 0.1125
1 0.596875 0.304166666667 0.0421875 0.102777777778
0 0.77265625 0.475 0.03359375 0.0972222222222
