1 0.06171875 0.394444444444 0.04375 0.109722222222
1 0.23359375 0.236111111111 0.03515625 0.101388888889
0 0.1890625 0.369444444444 0.05390625 0.116666666667
0 0.43515625 0.422222222222 0.05234375 0.148611111111
0 0.45078125 0.255555555556 0.04140625 0.106944444444
1 0.6015625 0.25 0.03203125 0.0777777777778
0 0.61015625 0.293055555556 0.01796875 0.0513888888889
0 0.62265625 0.386111111111 0.03203125 0.0944444444444
0 0.7890625 0.2375 0.04375 0.118055555556
1 0.89375 0.216666666667 0.0359375 0.108333333333
1 0.896875 0.3 0.0328125 0.0930555555556
1 0.85546875 0.466666666667 0.0390625 0.143055555556
1 0.52109375 0.384722222222 0.0421875 0.102777777778
0 0.70078125 0.515277777778 0.04296875 0.123611111111
0 0.9328125 0.561111111111 0.0484375 0.136111111111
