0 0.11640625 0.272222222222 0.0390625 0.1375
1 0.28125 0.356944444444 0.04140625 0.148611111111
0 0.34765625 0.395833333333 0.0375 0.125
0 0.57734375 0.645833333333 0.05234375 0.208333333333
0 0.68203125 0.305555555556 0.034375 0.0944444444444
0 0.7765625 0.365277777778 0.0515625 0.113888888889
1 0.88125 0.347222222222 0.06015625 0.148611111111
1 0.85703125 0.481944444444 0.0625 0.156944444444
1 0.671875 0.261111111111 0.025 0.0555555555556
0 0.11953125 0.352777777778 0.03203125 0.144444444444
1 0.1078125 0.256944444444 0.02421875 0.0944444444444
1 0.0015625 0.497222222222 0.034375 0.180555555556
