1 0.16484375 0.343055555556 0.04296875 0.0916666666667
1 0.45546875 0.369444444444 0.0578125 0.147222222222
1 0.35859375 0.436111111111 0.04609375 0.129166666667
1 0.5984375 0.505555555556 0.04296875 0.125
1 0.49453125 0.870833333333 0.09609375 0.290277777778
0 0.209375 0.331944444444 0.03359375 0.111111111111
0 0.2046875 0.419444444444 0.05 0.131944444444
0 0.65234375 0.4875 0.053125 0.156944444444
0 0.46171875 0.380555555556 0.05 0.105555555556
0 0.46875 0.519444444444 0.0375 0.125
0 0.665625 0.620833333333 0.065625 0.195833333333
0 0.2375 0.688888888889 0.05546875 0.183333333333
0 0.53671875 0.445833333333 0.04453125 0.138888888889
