1 0.0375 0.348611111111 0.05234375 0.111111111111
1 0.19296875 0.263888888889 0.0546875 0.111111111111
1 0.50390625 0.395833333333 0.04375 0.123611111111
1 0.6015625 0.4375 0.0609375 0.134722222222
1 0.684375 0.505555555556 0.06640625 0.159722222222
0 0.10390625 0.230555555556 0.0390625 0.122222222222
0 0.16328125 0.329166666667 0.04765625 0.125
0 0.69453125 0.5 0.0515625 0.134722222222
0 0.25 0.226388888889 0.04765625 0.122222222222
0 0.509375 0.473611111111 0.04140625 0.1375
0 0.5734375 0.438888888889 0.03984375 0.120833333333
0 0.2640625 0.590277777778 0.04296875 0.144444444444
0 0.42890625 0.320833333333 0.05234375 0.145833333333
1 0.21640625 0.573611111111 0.0234375 0.161111111111
