1 0.60859375 0.351388888889 0.04375 0.109722222222
0 0.509375 0.402777777778 0.05859375 0.168055555556
0 0.59140625 0.3625 0.07890625 0.140277777778
0 0.509375 0.409722222222 0.06015625 0.170833333333
0 0.34765625 0.348611111111 0.0390625 0.169444444444
1 0.63671875 0.540277777778 0.04140625 0.119444444444
1 0.6734375 0.522222222222 0.06796875 0.156944444444
0 0.73515625 0.186111111111 0.0421875 0.141666666667
1 0.78046875 0.334722222222 0.06171875 0.148611111111
0 0.61015625 0.397222222222 0.04453125 0.119444444444
0 0.559375 0.530555555556 0.03515625 0.140277777778
