0 0.54375 0.415277777778 0.05546875 0.126388888889
1 0.58125 0.372222222222 0.03046875 0.141666666667
1 0.52734375 0.465277777778 0.03125 0.163888888889
0 0.56484375 0.393055555556 0.03125 0.159722222222
0 0.5453125 0.393055555556 0.03671875 0.138888888889
0 0.31484375 0.398611111111 0.05390625 0.145833333333
1 0.36328125 0.459722222222 0.04140625 0.1
0 0.93515625 0.368055555556 0.0265625 0.131944444444
1 0.82265625 0.404166666667 0.034375 0.1125
0 0.88828125 0.473611111111 0.03359375 0.143055555556
