1 0.14609375 0.334722222222 0.0453125 0.0958333333333
1 0.33046875 0.240277777778 0.028125 0.101388888889
1 0.5046875 0.398611111111 0.0390625 0.1125
1 0.71328125 0.395833333333 0.0640625 0.141666666667
1 0.6375 0.547222222222 0.05703125 0.1375
0 0.23203125 0.197222222222 0.03046875 0.0958333333333
0 0.28125 0.306944444444 0.0453125 0.115277777778
0 0.8359375 0.543055555556 0.05703125 0.148611111111
0 0.378125 0.190277777778 0.03515625 0.0916666666667
0 0.56484375 0.444444444444 0.0390625 0.130555555556
0 0.7796875 0.391666666667 0.0421875 0.126388888889
0 0.33359375 0.629166666667 0.04296875 0.144444444444
0 0.5234375 0.2875 0.04296875 0.119444444444
1 0.31875 0.636111111111 0.03515625 0.161111111111
