1 0.21953125 0.572222222222 0.0546875 0.170833333333
1 0.29765625 0.444444444444 0.04140625 0.123611111111
1 0.50546875 0.418055555556 0.0421875 0.143055555556
1 0.66953125 0.383333333333 0.04140625 0.129166666667
1 0.88671875 0.5625 0.05625 0.161111111111
0 0.36875 0.397222222222 0.0390625 0.125
0 0.396875 0.445833333333 0.04453125 0.127777777778
0 0.54296875 0.291666666667 0.0359375 0.101388888889
0 0.5875 0.501388888889 0.0390625 0.118055555556
0 0.625 0.595833333333 0.0421875 0.144444444444
0 0.69921875 0.347222222222 0.03203125 0.102777777778
0 0.8296875 0.402777777778 0.0421875 0.145833333333
0 0.965625 0.495833333333 0.03359375 0.136111111111
