1 0.565625 0.344444444444 0.04375 0.109722222222
0 0.5265625 0.401388888889 0.053125 0.152777777778
0 0.559375 0.380555555556 0.06484375 0.115277777778
0 0.41328125 0.440277777778 0.0578125 0.163888888889
0 0.34765625 0.373611111111 0.03359375 0.147222222222
1 0.5234375 0.454166666667 0.04140625 0.119444444444
1 0.67421875 0.491666666667 0.06796875 0.156944444444
0 0.7578125 0.166666666667 0.046875 0.155555555556
1 0.75234375 0.295833333333 0.06171875 0.148611111111
0 0.85546875 0.366666666667 0.046875 0.125
0 0.878125 0.448611111111 0.03046875 0.120833333333
