0 0.553125 0.406944444444 0.05546875 0.126388888889
1 0.546875 0.361111111111 0.02890625 0.134722222222
1 0.525 0.448611111111 0.0328125 0.172222222222
0 0.5625 0.383333333333 0.0296875 0.151388888889
0 0.51796875 0.373611111111 0.040625 0.152777777778
0 0.26796875 0.394444444444 0.05390625 0.145833333333
1 0.3359375 0.451388888889 0.04140625 0.1
0 0.93984375 0.361111111111 0.0265625 0.131944444444
1 0.84609375 0.420833333333 0.03125 0.101388888889
0 0.93046875 0.495833333333 0.03359375 0.143055555556
