1 0.1578125 0.401388888889 0.0375 0.0944444444444
1 0.3453125 0.184722222222 0.03671875 0.106944444444
0 0.26171875 0.401388888889 0.046875 0.101388888889
0 0.4921875 0.333333333333 0.05234375 0.0930555555556
0 0.56328125 0.204166666667 0.0390625 0.101388888889
1 0.709375 0.208333333333 0.03203125 0.0777777777778
0 0.68359375 0.247222222222 0.02109375 0.0597222222222
0 0.640625 0.327777777778 0.03046875 0.0902777777778
0 0.8890625 0.183333333333 0.04140625 0.1125
1 0.584375 0.316666666667 0.0421875 0.102777777778
0 0.7671875 0.486111111111 0.03359375 0.0972222222222
