1 0.54453125 0.340277777778 0.04140625 0.104166666667
0 0.490625 0.438888888889 0.053125 0.152777777778
0 0.54140625 0.376388888889 0.06171875 0.109722222222
0 0.47265625 0.516666666667 0.04296875 0.122222222222
0 0.33671875 0.379166666667 0.03515625 0.154166666667
1 0.56484375 0.4625 0.04140625 0.119444444444
1 0.6609375 0.511111111111 0.05546875 0.129166666667
0 0.70234375 0.1875 0.04921875 0.163888888889
1 0.7546875 0.325 0.05625 0.134722222222
0 0.671875 0.416666666667 0.0421875 0.113888888889
0 0.67890625 0.481944444444 0.02734375 0.109722222222
