1 0.053125 0.4 0.0453125 0.0958333333333
1 0.2671875 0.348611111111 0.0515625 0.141666666667
1 0.35625 0.4 0.03984375 0.1125
1 0.55078125 0.520833333333 0.0703125 0.202777777778
1 0.596875 0.695833333333 0.0515625 0.188888888889
0 0.14375 0.302777777778 0.04140625 0.129166666667
0 0.2328125 0.391666666667 0.0453125 0.119444444444
0 0.56171875 0.513888888889 0.075 0.220833333333
0 0.33046875 0.327777777778 0.04296875 0.111111111111
0 0.54609375 0.522222222222 0.04140625 0.1375
0 0.58203125 0.543055555556 0.05390625 0.161111111111
0 0.15859375 0.606944444444 0.05 0.166666666667
0 0.453125 0.401388888889 0.04375 0.119444444444
