1 0.075 0.3375 0.05 0.106944444444
1 0.23984375 0.231944444444 0.0578125 0.116666666667
1 0.49921875 0.384722222222 0.04140625 0.118055555556
1 0.6546875 0.4125 0.0609375 0.134722222222
1 0.68984375 0.522222222222 0.0546875 0.131944444444
0 0.1578125 0.206944444444 0.034375 0.105555555556
0 0.20390625 0.288888888889 0.05234375 0.138888888889
0 0.79296875 0.511111111111 0.04921875 0.127777777778
0 0.29609375 0.202777777778 0.040625 0.105555555556
0 0.5328125 0.455555555556 0.0390625 0.130555555556
0 0.65625 0.416666666667 0.0421875 0.126388888889
0 0.3453125 0.602777777778 0.04296875 0.144444444444
0 0.4671875 0.306944444444 0.04140625 0.113888888889
1 0.3125 0.583333333333 0.02421875 0.169444444444
