1 0.16015625 0.4375 0.053125 0.133333333333
0 0.18515625 0.513888888889 0.0625 0.134722222222
0 0.2359375 0.00138888888889 0.0609375 0.108333333333
0 0.6171875 0.0 0.03046875 0.0902777777778
1 0.3921875 0.00138888888889 0.03125 0.0777777777778
0 0.2609375 0.458333333333 0.04296875 0.123611111111
0 0.36953125 0.755555555556 0.0609375 0.138888888889
1 0.6375 0.263888888889 0.0421875 0.159722222222
1 0.53671875 0.588888888889 0.03828125 0.145833333333
0 0.38515625 0.759722222222 0.025 0.129166666667
