1 0.4875 0.251388888889 0.0859375 0.218055555556
0 0.27265625 0.265277777778 0.075 0.163888888889
0 0.5671875 0.159722222222 0.0453125 0.133333333333
1 0.35546875 0.0513888888889 0.04609375 0.113888888889
0 0.39375 0.379166666667 0.04296875 0.123611111111
0 0.54375 0.418055555556 0.05546875 0.125
1 0.6140625 0.197222222222 0.04921875 0.184722222222
1 0.54140625 0.404166666667 0.05703125 0.215277777778
0 0.3265625 0.5 0.03671875 0.190277777778
0 0.428125 0.148611111111 0.05859375 0.0986111111111
