1 0.0484375 0.398611111111 0.0453125 0.0958333333333
1 0.29140625 0.355555555556 0.046875 0.129166666667
1 0.3140625 0.406944444444 0.04140625 0.118055555556
1 0.54609375 0.536111111111 0.0578125 0.166666666667
1 0.5796875 0.740277777778 0.0515625 0.188888888889
0 0.146875 0.3125 0.04140625 0.129166666667
0 0.23671875 0.394444444444 0.0453125 0.119444444444
0 0.54609375 0.511111111111 0.075 0.220833333333
0 0.34921875 0.3375 0.040625 0.105555555556
0 0.54375 0.520833333333 0.034375 0.1125
0 0.58671875 0.551388888889 0.0515625 0.154166666667
0 0.14609375 0.625 0.04765625 0.158333333333
0 0.4734375 0.404166666667 0.0453125 0.125
