1 0.090625 0.423611111111 0.0359375 0.0902777777778
1 0.2609375 0.234722222222 0.03515625 0.101388888889
0 0.21015625 0.413888888889 0.04921875 0.105555555556
0 0.45 0.391666666667 0.0578125 0.102777777778
0 0.4859375 0.251388888889 0.04140625 0.106944444444
1 0.634375 0.245833333333 0.03359375 0.0819444444444
0 0.6234375 0.280555555556 0.02109375 0.0597222222222
0 0.59921875 0.372222222222 0.03046875 0.0902777777778
0 0.81328125 0.226388888889 0.04609375 0.123611111111
1 0.91015625 0.215277777778 0.034375 0.102777777778
1 0.92890625 0.291666666667 0.0328125 0.0930555555556
1 0.90625 0.4625 0.0375 0.136111111111
1 0.51796875 0.359722222222 0.0421875 0.102777777778
0 0.72109375 0.526388888889 0.0375 0.106944444444
0 0.94765625 0.541666666667 0.05078125 0.143055555556
