1 0.54375 0.338888888889 0.04140625 0.104166666667
0 0.4953125 0.434722222222 0.053125 0.152777777778
0 0.54140625 0.377777777778 0.06171875 0.109722222222
0 0.4625 0.516666666667 0.04296875 0.122222222222
0 0.33828125 0.366666666667 0.03671875 0.1625
1 0.5515625 0.441666666667 0.04140625 0.119444444444
1 0.67421875 0.5125 0.05546875 0.129166666667
0 0.7078125 0.186111111111 0.04921875 0.163888888889
1 0.75078125 0.309722222222 0.05625 0.134722222222
0 0.70390625 0.404166666667 0.040625 0.108333333333
0 0.709375 0.468055555556 0.02734375 0.109722222222
