1 0.56015625 0.344444444444 0.04140625 0.104166666667
0 0.51640625 0.415277777778 0.053125 0.152777777778
0 0.55546875 0.380555555556 0.06171875 0.109722222222
0 0.403125 0.456944444444 0.0578125 0.163888888889
0 0.3453125 0.381944444444 0.03203125 0.140277777778
1 0.5296875 0.436111111111 0.04375 0.126388888889
1 0.67890625 0.5 0.06796875 0.156944444444
0 0.7390625 0.170833333333 0.04453125 0.148611111111
1 0.75078125 0.3125 0.05625 0.134722222222
0 0.81015625 0.369444444444 0.04453125 0.119444444444
0 0.840625 0.463888888889 0.02890625 0.115277777778
