1 0.075 0.419444444444 0.03984375 0.1
1 0.24921875 0.240277777778 0.03515625 0.101388888889
0 0.2 0.398611111111 0.04921875 0.105555555556
0 0.44140625 0.402777777778 0.0578125 0.102777777778
0 0.4703125 0.256944444444 0.04140625 0.106944444444
1 0.61796875 0.25 0.03359375 0.0819444444444
0 0.61171875 0.284722222222 0.021875 0.0625
0 0.59765625 0.377777777778 0.03046875 0.0902777777778
0 0.7984375 0.236111111111 0.04375 0.118055555556
1 0.8984375 0.223611111111 0.034375 0.102777777778
1 0.9125 0.298611111111 0.0328125 0.0930555555556
1 0.8828125 0.461111111111 0.0390625 0.143055555556
1 0.50859375 0.368055555556 0.0421875 0.102777777778
0 0.7078125 0.513888888889 0.0453125 0.129166666667
0 0.94375 0.547222222222 0.05078125 0.143055555556
