1 0.18046875 0.384722222222 0.0375 0.0944444444444
1 0.3734375 0.151388888889 0.040625 0.118055555556
0 0.26953125 0.370833333333 0.046875 0.101388888889
0 0.51328125 0.295833333333 0.05234375 0.0930555555556
0 0.59296875 0.169444444444 0.0390625 0.101388888889
1 0.734375 0.181944444444 0.03203125 0.0777777777778
0 0.70546875 0.226388888889 0.02109375 0.0597222222222
0 0.66328125 0.302777777778 0.03046875 0.0902777777778
0 0.9203125 0.148611111111 0.04375 0.118055555556
1 0.6140625 0.284722222222 0.03984375 0.0986111111111
0 0.78359375 0.456944444444 0.03359375 0.0972222222222
