1 0.56328125 0.343055555556 0.04375 0.109722222222
0 0.525 0.4 0.053125 0.152777777778
0 0.5578125 0.381944444444 0.06484375 0.115277777778
0 0.41171875 0.45 0.0578125 0.163888888889
0 0.34765625 0.377777777778 0.03203125 0.140277777778
1 0.52578125 0.45 0.04140625 0.119444444444
1 0.67265625 0.491666666667 0.07109375 0.165277777778
0 0.753125 0.168055555556 0.046875 0.155555555556
1 0.75234375 0.298611111111 0.06171875 0.148611111111
0 0.84375 0.366666666667 0.046875 0.125
0 0.86875 0.448611111111 0.03203125 0.126388888889
