1 0.590625 0.345833333333 0.04140625 0.104166666667
0 0.51953125 0.444444444444 0.05625 0.159722222222
0 0.5859375 0.380555555556 0.05859375 0.104166666667
0 0.515625 0.498611111111 0.046875 0.134722222222
0 0.36640625 0.365277777778 0.040625 0.177777777778
1 0.6421875 0.498611111111 0.04140625 0.119444444444
1 0.6921875 0.538888888889 0.05859375 0.136111111111
0 0.73984375 0.204166666667 0.046875 0.155555555556
1 0.803125 0.343055555556 0.05859375 0.141666666667
0 0.65859375 0.416666666667 0.046875 0.125
0 0.65078125 0.504166666667 0.02734375 0.109722222222
