0 0.65546875 0.298611111111 0.040625 0.144444444444
1 0.9421875 0.2875 0.04140625 0.148611111111
0 0.9703125 0.383333333333 0.04296875 0.145833333333
0 0.97578125 0.326388888889 0.02421875 0.108333333333
1 0.625 0.273611111111 0.0328125 0.126388888889
1 0.6890625 0.544444444444 0.034375 0.180555555556
0 0.57734375 0.441666666667 0.0296875 0.151388888889
0 0.4265625 0.561111111111 0.04296875 0.159722222222
0 0.2484375 0.666666666667 0.05234375 0.159722222222
1 0.2390625 0.630555555556 0.0671875 0.163888888889
