0 0.5984375 0.306944444444 0.03671875 0.130555555556
1 0.95625 0.388888888889 0.04375 0.155555555556
0 0.95390625 0.393055555556 0.0453125 0.152777777778
0 0.9203125 0.370833333333 0.021875 0.0972222222222
1 0.56640625 0.268055555556 0.034375 0.133333333333
1 0.6234375 0.545833333333 0.0359375 0.188888888889
0 0.51015625 0.438888888889 0.0296875 0.151388888889
0 0.37421875 0.566666666667 0.040625 0.152777777778
0 0.19453125 0.691666666667 0.05234375 0.159722222222
1 0.184375 0.651388888889 0.0671875 0.163888888889
