0 0.55234375 0.422222222222 0.05546875 0.126388888889
1 0.55390625 0.354166666667 0.02890625 0.134722222222
1 0.52421875 0.470833333333 0.03125 0.163888888889
0 0.56796875 0.390277777778 0.03125 0.159722222222
0 0.534375 0.383333333333 0.03671875 0.138888888889
0 0.284375 0.390277777778 0.05703125 0.152777777778
1 0.35234375 0.4625 0.04140625 0.1
0 0.9375 0.366666666667 0.0265625 0.131944444444
1 0.83125 0.413888888889 0.0328125 0.106944444444
0 0.90546875 0.470833333333 0.03359375 0.143055555556
