1 0.1828125 0.269444444444 0.04609375 0.115277777778
0 0.19453125 0.220833333333 0.0515625 0.111111111111
0 0.4140625 0.0 0.0578125 0.102777777778
0 0.625 -0.0555555555556 0.03515625 0.104166666667
1 0.5515625 -0.0361111111111 0.0359375 0.0888888888889
0 0.48984375 0.268055555556 0.0390625 0.1125
0 0.68359375 0.368055555556 0.05 0.113888888889
1 0.77890625 0.134722222222 0.03828125 0.144444444444
1 0.871875 0.465277777778 0.046875 0.176388888889
0 0.934375 0.501388888889 0.0234375 0.123611111111
