1 0.096875 0.370833333333 0.0453125 0.0958333333333
1 0.38359375 0.363888888889 0.0390625 0.1375
1 0.28828125 0.418055555556 0.04375 0.123611111111
1 0.60234375 0.5125 0.05 0.144444444444
1 0.47734375 0.831944444444 0.05859375 0.265277777778
0 0.159375 0.305555555556 0.0390625 0.129166666667
0 0.1875 0.383333333333 0.04765625 0.125
0 0.6078125 0.490277777778 0.053125 0.156944444444
0 0.41328125 0.358333333333 0.05234375 0.111111111111
0 0.45078125 0.518055555556 0.0328125 0.108333333333
0 0.6234375 0.581944444444 0.05625 0.169444444444
0 0.16328125 0.659722222222 0.05546875 0.183333333333
0 0.503125 0.434722222222 0.046875 0.116666666667
