1 0.05 0.404166666667 0.0453125 0.0958333333333
1 0.2375 0.336111111111 0.0546875 0.148611111111
1 0.396875 0.411111111111 0.03984375 0.1125
1 0.5609375 0.526388888889 0.0640625 0.183333333333
1 0.6015625 0.666666666667 0.04921875 0.180555555556
0 0.13671875 0.3 0.0390625 0.122222222222
0 0.21484375 0.393055555556 0.0453125 0.119444444444
0 0.56953125 0.508333333333 0.075 0.220833333333
0 0.30390625 0.313888888889 0.04765625 0.122222222222
0 0.54140625 0.531944444444 0.04375 0.144444444444
0 0.59375 0.540277777778 0.05390625 0.161111111111
0 0.1640625 0.601388888889 0.04765625 0.158333333333
0 0.4359375 0.401388888889 0.04765625 0.131944444444
1 0.00625 0.675 0.0296875 0.205555555556
