0 0.7078125 0.3 0.04296875 0.151388888889
1 0.96015625 0.268055555556 0.03984375 0.141666666667
0 0.95859375 0.398611111111 0.04140625 0.138888888889
0 0.959375 0.301388888889 0.02265625 0.102777777778
1 0.66875 0.277777777778 0.03125 0.120833333333
1 0.73984375 0.540277777778 0.034375 0.180555555556
0 0.6375 0.433333333333 0.0296875 0.151388888889
0 0.46796875 0.530555555556 0.04296875 0.159722222222
0 0.2828125 0.631944444444 0.0578125 0.176388888889
1 0.28125 0.627777777778 0.0609375 0.148611111111
