1 0.15 0.334722222222 0.0453125 0.0958333333333
1 0.33515625 0.245833333333 0.02734375 0.0958333333333
1 0.50390625 0.409722222222 0.0390625 0.1125
1 0.7125 0.397222222222 0.0640625 0.141666666667
1 0.63359375 0.547222222222 0.05703125 0.1375
0 0.23359375 0.2 0.03046875 0.0958333333333
0 0.28203125 0.305555555556 0.04765625 0.120833333333
0 0.8359375 0.544444444444 0.05703125 0.148611111111
0 0.3828125 0.194444444444 0.03515625 0.0916666666667
0 0.56484375 0.447222222222 0.0390625 0.130555555556
0 0.7859375 0.394444444444 0.0421875 0.126388888889
0 0.32734375 0.629166666667 0.04296875 0.144444444444
0 0.52421875 0.291666666667 0.04140625 0.113888888889
1 0.31875 0.636111111111 0.03359375 0.152777777778
