1 0.03203125 0.363888888889 0.05234375 0.111111111111
1 0.18828125 0.281944444444 0.0546875 0.111111111111
1 0.50078125 0.402777777778 0.04375 0.123611111111
1 0.59375 0.459722222222 0.05859375 0.127777777778
1 0.66953125 0.547222222222 0.06328125 0.152777777778
0 0.0984375 0.241666666667 0.0390625 0.122222222222
0 0.159375 0.347222222222 0.04765625 0.125
0 0.6859375 0.511111111111 0.046875 0.122222222222
0 0.24609375 0.245833333333 0.04765625 0.122222222222
0 0.51015625 0.483333333333 0.04140625 0.1375
0 0.56015625 0.469444444444 0.03984375 0.120833333333
0 0.2265625 0.586111111111 0.04296875 0.144444444444
0 0.42421875 0.343055555556 0.05 0.138888888889
1 0.17734375 0.583333333333 0.02421875 0.169444444444
