0 0.49453125 0.422222222222 0.0609375 0.138888888889
1 0.584375 0.379166666667 0.03203125 0.148611111111
1 0.55 0.448611111111 0.0328125 0.172222222222
0 0.5109375 0.409722222222 0.02578125 0.130555555556
0 0.50390625 0.394444444444 0.0390625 0.145833333333
0 0.3390625 0.386111111111 0.05390625 0.145833333333
1 0.440625 0.444444444444 0.04296875 0.105555555556
0 0.90234375 0.3625 0.028125 0.138888888889
1 0.79375 0.4125 0.028125 0.0930555555556
0 0.79296875 0.463888888889 0.03359375 0.143055555556
0 0.86796875 0.427777777778 0.03515625 0.145833333333
