1 0.0484375 0.406944444444 0.0453125 0.0958333333333
1 0.21015625 0.322222222222 0.0546875 0.148611111111
1 0.43671875 0.419444444444 0.03984375 0.1125
1 0.54453125 0.511111111111 0.0640625 0.183333333333
1 0.59921875 0.648611111111 0.0546875 0.198611111111
0 0.1234375 0.295833333333 0.0390625 0.122222222222
0 0.18828125 0.394444444444 0.0453125 0.119444444444
0 0.6125 0.531944444444 0.06171875 0.181944444444
0 0.28046875 0.3 0.04765625 0.122222222222
0 0.5375 0.540277777778 0.0390625 0.130555555556
0 0.625 0.552777777778 0.046875 0.138888888889
0 0.16328125 0.601388888889 0.04765625 0.158333333333
0 0.4265625 0.391666666667 0.053125 0.145833333333
1 0.0671875 0.654166666667 0.0265625 0.186111111111
