1 0.4890625 0.251388888889 0.0859375 0.218055555556
0 0.2734375 0.269444444444 0.071875 0.155555555556
0 0.56953125 0.165277777778 0.0453125 0.133333333333
1 0.35625 0.0513888888889 0.04609375 0.113888888889
0 0.39375 0.377777777778 0.04296875 0.123611111111
0 0.54375 0.413888888889 0.05546875 0.125
1 0.61640625 0.197222222222 0.04921875 0.184722222222
1 0.540625 0.379166666667 0.06015625 0.225
0 0.3296875 0.505555555556 0.03671875 0.190277777778
0 0.428125 0.148611111111 0.05859375 0.0986111111111
