1 0.12578125 0.380555555556 0.05078125 0.126388888889
0 0.184375 0.427777777778 0.059375 0.129166666667
0 0.30390625 -0.00138888888889 0.0609375 0.108333333333
0 0.61875 -0.0472222222222 0.02890625 0.0861111111111
1 0.45859375 -0.0347222222222 0.0296875 0.0736111111111
0 0.32578125 0.451388888889 0.040625 0.118055555556
0 0.446875 0.609722222222 0.0578125 0.131944444444
1 0.67109375 0.209722222222 0.040625 0.151388888889
1 0.5265625 0.611111111111 0.04453125 0.168055555556
0 0.5359375 0.688888888889 0.0265625 0.136111111111
