1 0.04921875 0.375 0.0375 0.0944444444444
1 0.2078125 0.226388888889 0.03515625 0.101388888889
0 0.16171875 0.369444444444 0.05390625 0.116666666667
0 0.40390625 0.454166666667 0.04765625 0.134722222222
0 0.41875 0.25 0.04140625 0.106944444444
1 0.56796875 0.25 0.03359375 0.0819444444444
0 0.61484375 0.290277777778 0.02109375 0.0597222222222
0 0.6734375 0.363888888889 0.03046875 0.0902777777778
0 0.775 0.2375 0.04375 0.118055555556
1 0.875 0.215277777778 0.0359375 0.108333333333
1 0.8671875 0.3 0.034375 0.0972222222222
1 0.7953125 0.466666666667 0.0390625 0.143055555556
1 0.5734375 0.398611111111 0.04609375 0.113888888889
0 0.65859375 0.515277777778 0.04296875 0.123611111111
0 0.92265625 0.566666666667 0.0484375 0.136111111111
