1 0.1296875 0.3375 0.04765625 0.101388888889
1 0.31328125 0.227777777778 0.028125 0.101388888889
1 0.50546875 0.3875 0.04375 0.123611111111
1 0.721875 0.406944444444 0.0609375 0.134722222222
1 0.66015625 0.525 0.05703125 0.1375
0 0.22109375 0.191666666667 0.034375 0.105555555556
0 0.26484375 0.305555555556 0.0453125 0.115277777778
0 0.83203125 0.526388888889 0.05703125 0.148611111111
0 0.3578125 0.190277777778 0.0375 0.0958333333333
0 0.56015625 0.443055555556 0.0390625 0.130555555556
0 0.74609375 0.391666666667 0.04453125 0.133333333333
0 0.346875 0.613888888889 0.0453125 0.151388888889
0 0.51484375 0.291666666667 0.04140625 0.113888888889
1 0.328125 0.625 0.03359375 0.152777777778
