0 0.4828125 0.4375 0.0640625 0.145833333333
1 0.58828125 0.376388888889 0.03203125 0.148611111111
1 0.565625 0.452777777778 0.0328125 0.172222222222
0 0.48984375 0.411111111111 0.0328125 0.166666666667
0 0.5015625 0.390277777778 0.040625 0.152777777778
0 0.33203125 0.380555555556 0.05625 0.152777777778
1 0.478125 0.444444444444 0.04765625 0.116666666667
0 0.88359375 0.355555555556 0.028125 0.138888888889
1 0.7921875 0.401388888889 0.03125 0.101388888889
0 0.74296875 0.476388888889 0.03203125 0.136111111111
0 0.80234375 0.429166666667 0.03515625 0.145833333333
