1 0.1421875 0.334722222222 0.0453125 0.0958333333333
1 0.328125 0.2375 0.028125 0.101388888889
1 0.50546875 0.393055555556 0.0390625 0.1125
1 0.7140625 0.397222222222 0.0640625 0.141666666667
1 0.64296875 0.541666666667 0.05703125 0.1375
0 0.23125 0.194444444444 0.03046875 0.0958333333333
0 0.27890625 0.305555555556 0.0453125 0.115277777778
0 0.8359375 0.541666666667 0.05703125 0.148611111111
0 0.375 0.190277777778 0.03515625 0.0916666666667
0 0.56328125 0.440277777778 0.0390625 0.130555555556
0 0.7734375 0.395833333333 0.0421875 0.126388888889
0 0.33671875 0.627777777778 0.04296875 0.144444444444
0 0.52109375 0.2875 0.04296875 0.119444444444
1 0.32109375 0.625 0.03515625 0.161111111111
