1 0.184375 0.347222222222 0.04296875 0.0916666666667
1 0.4671875 0.386111111111 0.0546875 0.140277777778
1 0.38671875 0.454166666667 0.04609375 0.129166666667
1 0.59140625 0.486111111111 0.04296875 0.125
1 0.50859375 0.901388888889 0.08671875 0.263888888889
0 0.2203125 0.322222222222 0.03671875 0.123611111111
0 0.20625 0.427777777778 0.0453125 0.119444444444
0 0.6765625 0.494444444444 0.053125 0.156944444444
0 0.46875 0.380555555556 0.05234375 0.111111111111
0 0.4828125 0.523611111111 0.04140625 0.1375
0 0.6734375 0.658333333333 0.065625 0.195833333333
0 0.26640625 0.701388888889 0.05546875 0.183333333333
0 0.540625 0.473611111111 0.03671875 0.113888888889
