1 0.553125 0.344444444444 0.04140625 0.104166666667
0 0.50625 0.425 0.053125 0.152777777778
0 0.55078125 0.375 0.06484375 0.115277777778
0 0.43203125 0.488888888889 0.04921875 0.141666666667
0 0.34765625 0.379166666667 0.03359375 0.147222222222
1 0.5515625 0.443055555556 0.04140625 0.119444444444
1 0.67734375 0.509722222222 0.06171875 0.143055555556
0 0.7234375 0.170833333333 0.04921875 0.163888888889
1 0.7484375 0.313888888889 0.05625 0.134722222222
0 0.76640625 0.4 0.040625 0.108333333333
0 0.784375 0.4625 0.03046875 0.120833333333
