1 0.11328125 0.330555555556 0.04765625 0.101388888889
1 0.28828125 0.231944444444 0.0296875 0.105555555556
1 0.50625 0.379166666667 0.04375 0.123611111111
1 0.696875 0.398611111111 0.0671875 0.148611111111
1 0.678125 0.516666666667 0.05703125 0.1375
0 0.20234375 0.193055555556 0.03046875 0.0958333333333
0 0.24296875 0.305555555556 0.0453125 0.115277777778
0 0.82265625 0.5125 0.05703125 0.148611111111
0 0.3359375 0.194444444444 0.0375 0.0958333333333
0 0.55390625 0.443055555556 0.0390625 0.130555555556
0 0.7046875 0.406944444444 0.046875 0.138888888889
0 0.35546875 0.615277777778 0.04296875 0.144444444444
0 0.49765625 0.293055555556 0.04296875 0.119444444444
1 0.328125 0.616666666667 0.03359375 0.152777777778
