0 0.4984375 0.444444444444 0.0640625 0.145833333333
1 0.63984375 0.355555555556 0.04296875 0.2
1 0.5484375 0.469444444444 0.0328125 0.172222222222
0 0.5015625 0.420833333333 0.0359375 0.184722222222
0 0.50234375 0.409722222222 0.0390625 0.145833333333
0 0.3671875 0.409722222222 0.06171875 0.168055555556
1 0.52265625 0.475 0.0640625 0.155555555556
0 0.87734375 0.386111111111 0.02421875 0.119444444444
1 0.79765625 0.436111111111 0.034375 0.1125
0 0.4359375 0.461111111111 0.03359375 0.143055555556
0 0.6 0.427777777778 0.03515625 0.145833333333
0 0.4109375 0.501388888889 0.0390625 0.0763888888889
0 0.7984375 0.775 0.06875 0.219444444444
1 0.78984375 0.702777777778 0.0609375 0.231944444444
1 0.95625 0.515277777778 0.04453125 0.158333333333
