1 0.1484375 0.334722222222 0.0453125 0.0958333333333
1 0.3328125 0.240277777778 0.028125 0.101388888889
1 0.50390625 0.401388888889 0.0390625 0.1125
1 0.71328125 0.397222222222 0.0640625 0.141666666667
1 0.63515625 0.545833333333 0.05703125 0.1375
0 0.2328125 0.197222222222 0.03046875 0.0958333333333
0 0.28203125 0.308333333333 0.0453125 0.115277777778
0 0.8359375 0.547222222222 0.05703125 0.148611111111
0 0.3796875 0.191666666667 0.03515625 0.0916666666667
0 0.5640625 0.445833333333 0.0390625 0.130555555556
0 0.78203125 0.390277777778 0.0421875 0.126388888889
0 0.33125 0.627777777778 0.04296875 0.144444444444
0 0.52265625 0.291666666667 0.04140625 0.113888888889
1 0.31953125 0.641666666667 0.03359375 0.152777777778
