1 0.16796875 0.338888888889 0.0453125 0.0958333333333
1 0.34765625 0.243055555556 0.028125 0.101388888889
1 0.496875 0.418055555556 0.0390625 0.1125
1 0.70859375 0.402777777778 0.0609375 0.134722222222
1 0.5890625 0.579166666667 0.06328125 0.152777777778
0 0.23515625 0.191666666667 0.0296875 0.0916666666667
0 0.2984375 0.318055555556 0.040625 0.104166666667
0 0.8328125 0.551388888889 0.05703125 0.148611111111
0 0.40390625 0.193055555556 0.03515625 0.0916666666667
0 0.5609375 0.455555555556 0.0375 0.125
0 0.8203125 0.381944444444 0.0421875 0.126388888889
0 0.29453125 0.643055555556 0.04765625 0.158333333333
0 0.52734375 0.280555555556 0.05 0.138888888889
1 0.29609375 0.654166666667 0.03203125 0.145833333333
