1 0.04921875 0.377777777778 0.0375 0.0944444444444
1 0.21015625 0.227777777778 0.03515625 0.101388888889
0 0.16796875 0.368055555556 0.05390625 0.116666666667
0 0.4078125 0.454166666667 0.04765625 0.134722222222
0 0.4234375 0.248611111111 0.04140625 0.106944444444
1 0.5703125 0.25 0.03359375 0.0819444444444
0 0.61484375 0.291666666667 0.01953125 0.0569444444444
0 0.6671875 0.369444444444 0.03046875 0.0902777777778
0 0.7765625 0.243055555556 0.04375 0.118055555556
1 0.8796875 0.215277777778 0.0359375 0.108333333333
1 0.871875 0.294444444444 0.034375 0.0972222222222
1 0.80390625 0.466666666667 0.0390625 0.143055555556
1 0.56484375 0.397222222222 0.04609375 0.113888888889
0 0.66640625 0.515277777778 0.04296875 0.123611111111
0 0.92265625 0.559722222222 0.05078125 0.143055555556
