1 0.2921875 0.3 0.0390625 0.0833333333333
1 0.43359375 0.377777777778 0.040625 0.104166666667
1 0.4796875 0.495833333333 0.04140625 0.118055555556
1 0.62265625 0.4375 0.0453125 0.130555555556
1 0.54921875 0.827777777778 0.06484375 0.197222222222
0 0.27265625 0.273611111111 0.03203125 0.106944444444
0 0.215625 0.381944444444 0.0453125 0.119444444444
0 0.78828125 0.522222222222 0.053125 0.156944444444
0 0.45703125 0.340277777778 0.04296875 0.0916666666667
0 0.5078125 0.590277777778 0.0375 0.125
0 0.6265625 0.666666666667 0.0625 0.186111111111
0 0.38671875 0.723611111111 0.05 0.166666666667
0 0.57734375 0.423611111111 0.03515625 0.108333333333
