1 0.0546875 0.388888888889 0.0453125 0.0958333333333
1 0.32578125 0.370833333333 0.040625 0.144444444444
1 0.25390625 0.415277777778 0.04375 0.123611111111
1 0.571875 0.520833333333 0.05 0.144444444444
1 0.47421875 0.781944444444 0.07109375 0.323611111111
0 0.12890625 0.273611111111 0.05234375 0.173611111111
0 0.18359375 0.4 0.0453125 0.119444444444
0 0.57734375 0.508333333333 0.05078125 0.15
0 0.3640625 0.348611111111 0.05234375 0.111111111111
0 0.46796875 0.530555555556 0.03125 0.102777777778
0 0.6 0.573611111111 0.05390625 0.161111111111
0 0.12734375 0.643055555556 0.04765625 0.158333333333
0 0.48046875 0.443055555556 0.046875 0.116666666667
