1 0.56953125 0.343055555556 0.04375 0.109722222222
0 0.534375 0.398611111111 0.053125 0.152777777778
0 0.56796875 0.381944444444 0.06484375 0.115277777778
0 0.41953125 0.454166666667 0.06015625 0.170833333333
0 0.35078125 0.372222222222 0.03359375 0.147222222222
1 0.52890625 0.451388888889 0.04140625 0.119444444444
1 0.675 0.486111111111 0.06484375 0.15
0 0.77109375 0.161111111111 0.046875 0.155555555556
1 0.76015625 0.288888888889 0.06171875 0.148611111111
0 0.88828125 0.351388888889 0.046875 0.125
0 0.9078125 0.429166666667 0.02890625 0.115277777778
