1 0.05703125 0.391666666667 0.04140625 0.104166666667
1 0.22734375 0.233333333333 0.03515625 0.101388888889
0 0.1859375 0.3625 0.05390625 0.116666666667
0 0.43046875 0.431944444444 0.05 0.140277777778
0 0.44296875 0.252777777778 0.04140625 0.106944444444
1 0.59140625 0.25 0.03359375 0.0819444444444
0 0.61015625 0.291666666667 0.01875 0.0541666666667
0 0.63359375 0.381944444444 0.03203125 0.0944444444444
0 0.78515625 0.233333333333 0.04609375 0.123611111111
1 0.89140625 0.216666666667 0.0359375 0.108333333333
1 0.8921875 0.297222222222 0.0328125 0.0930555555556
1 0.84296875 0.468055555556 0.0390625 0.143055555556
1 0.528125 0.384722222222 0.0421875 0.102777777778
0 0.6953125 0.513888888889 0.04296875 0.123611111111
0 0.9296875 0.556944444444 0.05078125 0.143055555556
