0 0.55390625 0.402777777778 0.05546875 0.126388888889
1 0.54609375 0.363888888889 0.02734375 0.129166666667
1 0.525 0.445833333333 0.0328125 0.172222222222
0 0.56171875 0.383333333333 0.0296875 0.151388888889
0 0.5125 0.375 0.040625 0.152777777778
0 0.26484375 0.394444444444 0.05390625 0.145833333333
1 0.33359375 0.448611111111 0.04140625 0.1
0 0.93828125 0.359722222222 0.0265625 0.131944444444
1 0.84609375 0.423611111111 0.03125 0.101388888889
0 0.93359375 0.493055555556 0.03359375 0.143055555556
