1 0.0515625 0.383333333333 0.03984375 0.1
1 0.21875 0.229166666667 0.03515625 0.101388888889
0 0.17890625 0.368055555556 0.05390625 0.116666666667
0 0.41796875 0.444444444444 0.05 0.140277777778
0 0.43515625 0.247222222222 0.04140625 0.106944444444
1 0.584375 0.25 0.03359375 0.0819444444444
0 0.609375 0.290277777778 0.01953125 0.0569444444444
0 0.65 0.379166666667 0.03046875 0.0902777777778
0 0.78359375 0.241666666667 0.04609375 0.123611111111
1 0.8859375 0.2125 0.0375 0.113888888889
1 0.8859375 0.3 0.0328125 0.0930555555556
1 0.82734375 0.466666666667 0.0390625 0.143055555556
1 0.54140625 0.390277777778 0.04375 0.108333333333
0 0.68828125 0.519444444444 0.040625 0.118055555556
0 0.92890625 0.558333333333 0.05078125 0.143055555556
