1 0.17421875 0.345833333333 0.04296875 0.0916666666667
1 0.46328125 0.383333333333 0.05234375 0.133333333333
1 0.371875 0.436111111111 0.04609375 0.129166666667
1 0.59609375 0.498611111111 0.04140625 0.118055555556
1 0.5015625 0.877777777778 0.09140625 0.276388888889
0 0.21484375 0.315277777778 0.03515625 0.118055555556
0 0.20703125 0.420833333333 0.04765625 0.125
0 0.6625 0.488888888889 0.053125 0.156944444444
0 0.465625 0.390277777778 0.05 0.105555555556
0 0.4765625 0.5125 0.0390625 0.130555555556
0 0.67265625 0.647222222222 0.065625 0.195833333333
0 0.25 0.686111111111 0.05546875 0.183333333333
0 0.540625 0.452777777778 0.0421875 0.131944444444
