1 0.1515625 0.401388888889 0.0375 0.0944444444444
1 0.33828125 0.190277777778 0.03671875 0.106944444444
0 0.25703125 0.404166666667 0.046875 0.101388888889
0 0.4875 0.334722222222 0.05234375 0.0930555555556
0 0.55703125 0.211111111111 0.0390625 0.101388888889
1 0.70234375 0.213888888889 0.03203125 0.0777777777778
0 0.678125 0.251388888889 0.02109375 0.0597222222222
0 0.6359375 0.334722222222 0.03046875 0.0902777777778
0 0.88359375 0.186111111111 0.04140625 0.1125
1 0.578125 0.320833333333 0.0421875 0.102777777778
0 0.76328125 0.497222222222 0.03515625 0.101388888889
