0 0.51484375 0.441666666667 0.0671875 0.154166666667
1 0.5890625 0.370833333333 0.0453125 0.209722222222
1 0.51484375 0.479166666667 0.0328125 0.172222222222
0 0.53359375 0.4125 0.0359375 0.184722222222
0 0.5296875 0.405555555556 0.04296875 0.159722222222
0 0.37109375 0.4125 0.06171875 0.168055555556
1 0.5078125 0.472222222222 0.0640625 0.155555555556
0 0.86953125 0.359722222222 0.028125 0.138888888889
1 0.75 0.447222222222 0.0359375 0.118055555556
0 0.38828125 0.375 0.04296875 0.181944444444
0 0.5703125 0.433333333333 0.03359375 0.138888888889
0 0.340625 0.509722222222 0.0453125 0.0888888888889
0 0.790625 0.779166666667 0.06875 0.219444444444
1 0.528125 0.655555555556 0.05234375 0.2
1 0.709375 0.531944444444 0.04453125 0.158333333333
1 0.2671875 0.530555555556 0.05546875 0.15
