0 0.0328125 0.809722222222 0.07109375 0.0986111111111
0 0.2703125 0.625 0.0703125 0.338888888889
0 0.30078125 0.652777777778 0.04609375 0.265277777778
1 0.3296875 0.609722222222 0.0734375 0.343055555556
1 0.37109375 0.336111111111 0.16015625 0.955555555556
1 0.44921875 0.684722222222 0.0515625 0.298611111111
1 0.44296875 0.6875 0.05859375 0.3
1 0.45625 0.711111111111 0.0453125 0.240277777778
0 0.178125 0.691666666667 0.05 0.218055555556
1 0.66484375 0.569444444444 0.046875 0.391666666667
1 0.71953125 0.504166666667 0.1 0.494444444444
