1 0.11640625 0.329166666667 0.04765625 0.101388888889
1 0.28984375 0.230555555556 0.0296875 0.105555555556
1 0.50546875 0.381944444444 0.04375 0.123611111111
1 0.69921875 0.395833333333 0.0671875 0.148611111111
1 0.67734375 0.519444444444 0.05703125 0.1375
0 0.20390625 0.194444444444 0.03046875 0.0958333333333
0 0.2453125 0.306944444444 0.0453125 0.115277777778
0 0.82421875 0.508333333333 0.05703125 0.148611111111
0 0.33828125 0.195833333333 0.0375 0.0958333333333
0 0.5546875 0.441666666667 0.0390625 0.130555555556
0 0.70625 0.401388888889 0.04921875 0.145833333333
0 0.3546875 0.613888888889 0.04296875 0.144444444444
0 0.49921875 0.291666666667 0.04296875 0.119444444444
1 0.3296875 0.6125 0.03515625 0.161111111111
