1 0.18125 0.279166666667 0.04375 0.109722222222
0 0.20390625 0.240277777778 0.0515625 0.111111111111
0 0.39921875 -0.0319444444444 0.0609375 0.108333333333
0 0.61640625 -0.0638888888889 0.03515625 0.104166666667
1 0.5375 -0.0347222222222 0.034375 0.0847222222222
0 0.45390625 0.279166666667 0.0390625 0.1125
0 0.63828125 0.383333333333 0.05234375 0.119444444444
1 0.7515625 0.120833333333 0.040625 0.151388888889
1 0.8125 0.463888888889 0.04921875 0.184722222222
0 0.88125 0.516666666667 0.025 0.129166666667
