1 0.11328125 0.415277777778 0.0359375 0.0902777777778
1 0.28828125 0.222222222222 0.03515625 0.101388888889
0 0.23203125 0.418055555556 0.04921875 0.105555555556
0 0.46171875 0.376388888889 0.0546875 0.0972222222222
0 0.51171875 0.233333333333 0.04140625 0.106944444444
1 0.6609375 0.236111111111 0.03203125 0.0777777777778
0 0.6421875 0.275 0.02109375 0.0597222222222
0 0.609375 0.359722222222 0.03046875 0.0902777777778
0 0.8390625 0.211111111111 0.04375 0.118055555556
1 0.93046875 0.201388888889 0.0359375 0.108333333333
1 0.959375 0.286111111111 0.028125 0.0805555555556
1 0.9421875 0.459722222222 0.03515625 0.129166666667
1 0.5421875 0.345833333333 0.0421875 0.102777777778
0 0.73828125 0.5125 0.0375 0.106944444444
