1 0.053125 0.404166666667 0.0453125 0.0958333333333
1 0.28203125 0.355555555556 0.04921875 0.134722222222
1 0.34375 0.398611111111 0.03984375 0.1125
1 0.55234375 0.530555555556 0.0609375 0.175
1 0.59296875 0.702777777778 0.0515625 0.188888888889
0 0.1453125 0.306944444444 0.04140625 0.129166666667
0 0.2375 0.395833333333 0.0453125 0.119444444444
0 0.5546875 0.509722222222 0.075 0.220833333333
0 0.3359375 0.333333333333 0.0453125 0.116666666667
0 0.54765625 0.531944444444 0.0359375 0.119444444444
0 0.58125 0.5375 0.05390625 0.161111111111
0 0.1546875 0.613888888889 0.05 0.166666666667
0 0.459375 0.402777777778 0.0453125 0.125
