0 0.571875 0.427777777778 0.07421875 0.169444444444
1 0.5796875 0.390277777778 0.04765625 0.219444444444
0 0.5953125 0.397222222222 0.04140625 0.213888888889
0 0.55625 0.402777777778 0.04296875 0.159722222222
0 0.396875 0.409722222222 0.06484375 0.176388888889
1 0.5 0.490277777778 0.0640625 0.155555555556
0 0.915625 0.356944444444 0.028125 0.138888888889
1 0.7609375 0.448611111111 0.0359375 0.118055555556
0 0.4078125 0.377777777778 0.0453125 0.191666666667
0 0.55546875 0.434722222222 0.03671875 0.152777777778
0 0.34296875 0.502777777778 0.05 0.0986111111111
0 0.8359375 0.819444444444 0.071875 0.230555555556
1 0.40546875 0.636111111111 0.05 0.190277777778
1 0.58046875 0.534722222222 0.04453125 0.158333333333
1 0.1265625 0.551388888889 0.05859375 0.156944444444
