0 0.4796875 0.434722222222 0.0640625 0.145833333333
1 0.6296875 0.358333333333 0.0390625 0.180555555556
1 0.55546875 0.4625 0.0328125 0.172222222222
0 0.4828125 0.415277777778 0.0328125 0.166666666667
0 0.48203125 0.4125 0.03515625 0.131944444444
0 0.365625 0.390277777778 0.059375 0.159722222222
1 0.52578125 0.465277777778 0.0640625 0.155555555556
0 0.87265625 0.373611111111 0.0265625 0.131944444444
1 0.82578125 0.426388888889 0.0359375 0.118055555556
0 0.52734375 0.456944444444 0.03203125 0.136111111111
0 0.634375 0.429166666667 0.03359375 0.138888888889
0 0.4328125 0.490277777778 0.040625 0.0805555555556
0 0.85234375 0.779166666667 0.06875 0.219444444444
1 0.946875 0.738888888889 0.05234375 0.2
