1 0.16796875 0.344444444444 0.04296875 0.0916666666667
1 0.4578125 0.369444444444 0.0546875 0.140277777778
1 0.36328125 0.434722222222 0.04609375 0.129166666667
1 0.5984375 0.504166666667 0.04296875 0.125
1 0.496875 0.872222222222 0.09609375 0.290277777778
0 0.2109375 0.322222222222 0.03359375 0.111111111111
0 0.2046875 0.415277777778 0.05 0.131944444444
0 0.6546875 0.4875 0.053125 0.156944444444
0 0.4625 0.383333333333 0.05 0.105555555556
0 0.471875 0.515277777778 0.0390625 0.130555555556
0 0.66875 0.629166666667 0.065625 0.195833333333
0 0.2421875 0.686111111111 0.05546875 0.183333333333
0 0.53671875 0.451388888889 0.0421875 0.131944444444
