1 0.5515625 0.343055555556 0.04140625 0.104166666667
0 0.503125 0.422222222222 0.053125 0.152777777778
0 0.546875 0.377777777778 0.06484375 0.115277777778
0 0.43828125 0.497222222222 0.04921875 0.141666666667
0 0.34765625 0.381944444444 0.03203125 0.140277777778
1 0.55546875 0.444444444444 0.04140625 0.119444444444
1 0.6765625 0.509722222222 0.06171875 0.143055555556
0 0.71875 0.170833333333 0.0515625 0.172222222222
1 0.75 0.316666666667 0.05625 0.134722222222
0 0.753125 0.398611111111 0.040625 0.108333333333
0 0.7671875 0.469444444444 0.02734375 0.109722222222
