1 0.15625 0.344444444444 0.05078125 0.126388888889
0 0.20625 0.305555555556 0.05625 0.122222222222
0 0.3625 -0.00138888888889 0.0609375 0.108333333333
0 0.61171875 -0.0611111111111 0.03515625 0.104166666667
1 0.50390625 -0.0472222222222 0.034375 0.0847222222222
0 0.3828125 0.348611111111 0.0390625 0.1125
0 0.54296875 0.473611111111 0.05546875 0.125
1 0.70234375 0.158333333333 0.040625 0.151388888889
1 0.6734375 0.536111111111 0.04921875 0.184722222222
0 0.73046875 0.598611111111 0.0234375 0.123611111111
