0 0.05078125 0.641666666667 0.09609375 0.131944444444
0 0.32109375 0.444444444444 0.078125 0.373611111111
0 0.40078125 0.429166666667 0.05625 0.322222222222
1 0.428125 0.427777777778 0.0703125 0.326388888889
1 0.4546875 0.183333333333 0.1453125 0.866666666667
1 0.59296875 0.411111111111 0.05625 0.329166666667
1 0.60390625 0.386111111111 0.078125 0.401388888889
1 0.71484375 0.433333333333 0.04765625 0.251388888889
0 0.2328125 0.472222222222 0.0671875 0.291666666667
1 0.93984375 0.313888888889 0.06015625 0.5
