0 0.078125 0.7125 0.08671875 0.119444444444
0 0.3390625 0.531944444444 0.07421875 0.355555555556
0 0.40546875 0.531944444444 0.05078125 0.291666666667
1 0.43203125 0.527777777778 0.08125 0.377777777778
1 0.453125 0.290277777778 0.1453125 0.866666666667
1 0.54921875 0.519444444444 0.046875 0.270833333333
1 0.565625 0.470833333333 0.078125 0.401388888889
1 0.60078125 0.530555555556 0.04296875 0.229166666667
0 0.23828125 0.558333333333 0.0609375 0.263888888889
1 0.83828125 0.334722222222 0.05234375 0.431944444444
