1 0.30546875 0.281944444444 0.0390625 0.0833333333333
1 0.428125 0.355555555556 0.04296875 0.109722222222
1 0.47734375 0.488888888889 0.04375 0.123611111111
1 0.621875 0.422222222222 0.0453125 0.130555555556
1 0.53359375 0.797222222222 0.06484375 0.197222222222
0 0.28359375 0.2625 0.03203125 0.106944444444
0 0.215625 0.368055555556 0.0453125 0.119444444444
0 0.78515625 0.505555555556 0.053125 0.156944444444
0 0.4515625 0.329166666667 0.04296875 0.0916666666667
0 0.49765625 0.593055555556 0.0390625 0.130555555556
0 0.609375 0.65 0.0625 0.186111111111
0 0.39453125 0.719444444444 0.05 0.166666666667
0 0.6015625 0.409722222222 0.03671875 0.113888888889
