1 0.05 0.409722222222 0.0453125 0.0958333333333
1 0.221875 0.331944444444 0.0515625 0.141666666667
1 0.42578125 0.416666666667 0.03984375 0.1125
1 0.54921875 0.519444444444 0.0640625 0.183333333333
1 0.5984375 0.656944444444 0.0546875 0.198611111111
0 0.12890625 0.295833333333 0.0390625 0.122222222222
0 0.1984375 0.390277777778 0.0453125 0.119444444444
0 0.59921875 0.529166666667 0.06484375 0.190277777778
0 0.2890625 0.308333333333 0.04765625 0.122222222222
0 0.53828125 0.533333333333 0.04140625 0.1375
0 0.61171875 0.548611111111 0.04921875 0.145833333333
0 0.16328125 0.6 0.04765625 0.158333333333
0 0.4296875 0.401388888889 0.04765625 0.131944444444
1 0.04609375 0.647222222222 0.0296875 0.205555555556
