0 0.50390625 0.440277777778 0.0671875 0.154166666667
1 0.625 0.366666666667 0.040625 0.190277777778
1 0.54140625 0.476388888889 0.03125 0.163888888889
0 0.51484375 0.413888888889 0.0359375 0.184722222222
0 0.5140625 0.408333333333 0.040625 0.152777777778
0 0.365625 0.4 0.06875 0.186111111111
1 0.515625 0.473611111111 0.0640625 0.155555555556
0 0.87109375 0.375 0.02421875 0.119444444444
1 0.775 0.441666666667 0.034375 0.1125
0 0.3859375 0.444444444444 0.03671875 0.158333333333
0 0.5828125 0.430555555556 0.03515625 0.145833333333
0 0.38125 0.527777777778 0.0390625 0.0763888888889
0 0.7859375 0.768055555556 0.071875 0.230555555556
1 0.6796875 0.702777777778 0.05 0.190277777778
1 0.86015625 0.527777777778 0.04453125 0.158333333333
