1 0.2203125 0.576388888889 0.0546875 0.170833333333
1 0.29453125 0.445833333333 0.04140625 0.123611111111
1 0.50390625 0.416666666667 0.04453125 0.15
1 0.66875 0.381944444444 0.04140625 0.129166666667
1 0.88984375 0.563888888889 0.05625 0.161111111111
0 0.36640625 0.395833333333 0.0390625 0.125
0 0.4015625 0.444444444444 0.04453125 0.127777777778
0 0.5421875 0.286111111111 0.0359375 0.101388888889
0 0.58984375 0.502777777778 0.0390625 0.118055555556
0 0.628125 0.590277777778 0.0421875 0.144444444444
0 0.70234375 0.348611111111 0.03203125 0.102777777778
0 0.83125 0.402777777778 0.0421875 0.145833333333
0 0.965625 0.504166666667 0.03359375 0.136111111111
