1 0.04765625 0.398611111111 0.0453125 0.0958333333333
1 0.3015625 0.373611111111 0.04453125 0.122222222222
1 0.29609375 0.393055555556 0.04609375 0.129166666667
1 0.54921875 0.543055555556 0.0546875 0.158333333333
1 0.559375 0.75 0.05703125 0.208333333333
0 0.14609375 0.316666666667 0.0390625 0.122222222222
0 0.23515625 0.398611111111 0.0453125 0.119444444444
0 0.546875 0.520833333333 0.06796875 0.2
0 0.35234375 0.345833333333 0.04296875 0.111111111111
0 0.53984375 0.525 0.034375 0.1125
0 0.590625 0.5625 0.04921875 0.145833333333
0 0.140625 0.626388888889 0.04765625 0.158333333333
0 0.47890625 0.405555555556 0.04375 0.119444444444
