0 0.509375 0.413888888889 0.0609375 0.138888888889
1 0.57734375 0.377777777778 0.03203125 0.148611111111
1 0.5390625 0.454166666667 0.0328125 0.172222222222
0 0.52421875 0.395833333333 0.028125 0.144444444444
0 0.52265625 0.384722222222 0.0390625 0.145833333333
0 0.315625 0.376388888889 0.05390625 0.145833333333
1 0.41640625 0.447222222222 0.04296875 0.105555555556
0 0.91015625 0.368055555556 0.0265625 0.131944444444
1 0.79609375 0.411111111111 0.03125 0.101388888889
0 0.82265625 0.470833333333 0.03359375 0.143055555556
0 0.90625 0.425 0.03046875 0.126388888889
