1 0.11171875 0.330555555556 0.04765625 0.101388888889
1 0.28359375 0.230555555556 0.0296875 0.105555555556
1 0.50546875 0.381944444444 0.04375 0.123611111111
1 0.69140625 0.398611111111 0.0671875 0.148611111111
1 0.67890625 0.515277777778 0.05703125 0.1375
0 0.196875 0.195833333333 0.03046875 0.0958333333333
0 0.2390625 0.308333333333 0.0453125 0.115277777778
0 0.82265625 0.513888888889 0.05390625 0.141666666667
0 0.33359375 0.197222222222 0.0375 0.0958333333333
0 0.553125 0.447222222222 0.0390625 0.130555555556
0 0.70078125 0.413888888889 0.04453125 0.133333333333
0 0.35390625 0.606944444444 0.04296875 0.144444444444
0 0.49453125 0.293055555556 0.04296875 0.119444444444
1 0.32578125 0.606944444444 0.03515625 0.161111111111
