0 0.515625 0.438888888889 0.0671875 0.154166666667
1 0.58984375 0.373611111111 0.0453125 0.209722222222
1 0.51640625 0.480555555556 0.0328125 0.172222222222
0 0.53359375 0.4125 0.0359375 0.184722222222
0 0.52890625 0.405555555556 0.04296875 0.159722222222
0 0.37109375 0.4125 0.06171875 0.168055555556
1 0.50859375 0.472222222222 0.0640625 0.155555555556
0 0.86953125 0.359722222222 0.028125 0.138888888889
1 0.75078125 0.445833333333 0.0359375 0.118055555556
0 0.3890625 0.379166666667 0.040625 0.173611111111
0 0.57109375 0.433333333333 0.03359375 0.138888888889
0 0.34296875 0.5125 0.0453125 0.0888888888889
0 0.78984375 0.780555555556 0.06875 0.219444444444
1 0.5375 0.654166666667 0.05234375 0.2
1 0.715625 0.533333333333 0.04453125 0.158333333333
1 0.27421875 0.527777777778 0.05546875 0.15
