0 0.48359375 0.434722222222 0.0640625 0.145833333333
1 0.5890625 0.372222222222 0.03203125 0.148611111111
1 0.5640625 0.45 0.0328125 0.172222222222
0 0.490625 0.405555555556 0.0328125 0.166666666667
0 0.49921875 0.3875 0.040625 0.152777777778
0 0.33203125 0.386111111111 0.05625 0.152777777778
1 0.478125 0.445833333333 0.04765625 0.116666666667
0 0.8859375 0.355555555556 0.0265625 0.131944444444
1 0.79453125 0.405555555556 0.03125 0.101388888889
0 0.7484375 0.480555555556 0.03203125 0.136111111111
0 0.8078125 0.431944444444 0.03515625 0.145833333333
