1 0.18359375 0.369444444444 0.03984375 0.1
1 0.3859375 0.140277777778 0.0390625 0.111111111111
0 0.275 0.341666666667 0.046875 0.101388888889
0 0.51953125 0.275 0.0546875 0.0972222222222
0 0.60625 0.144444444444 0.0390625 0.101388888889
1 0.74609375 0.163888888889 0.03203125 0.0777777777778
0 0.715625 0.208333333333 0.02109375 0.0597222222222
0 0.67265625 0.280555555556 0.03046875 0.0902777777778
0 0.9359375 0.123611111111 0.04375 0.118055555556
1 0.6265625 0.261111111111 0.03984375 0.0986111111111
0 0.7890625 0.445833333333 0.03359375 0.0972222222222
