1 0.10859375 0.420833333333 0.0359375 0.0902777777778
1 0.28125 0.227777777778 0.03515625 0.101388888889
0 0.2265625 0.415277777778 0.04921875 0.105555555556
0 0.45859375 0.381944444444 0.0546875 0.0972222222222
0 0.50390625 0.244444444444 0.04140625 0.106944444444
1 0.6546875 0.241666666667 0.03203125 0.0777777777778
0 0.63671875 0.279166666667 0.02109375 0.0597222222222
0 0.60703125 0.3625 0.03046875 0.0902777777778
0 0.83046875 0.216666666667 0.04375 0.118055555556
1 0.92421875 0.206944444444 0.0359375 0.108333333333
1 0.95 0.288888888889 0.0296875 0.0833333333333
1 0.93125 0.461111111111 0.03515625 0.129166666667
1 0.53515625 0.351388888889 0.0421875 0.102777777778
0 0.7328125 0.520833333333 0.0375 0.106944444444
