1 0.05234375 0.404166666667 0.0453125 0.0958333333333
1 0.28046875 0.352777777778 0.046875 0.129166666667
1 0.3375 0.4 0.03984375 0.1125
1 0.55234375 0.538888888889 0.0578125 0.166666666667
1 0.58984375 0.706944444444 0.0515625 0.188888888889
0 0.14765625 0.305555555556 0.04140625 0.129166666667
0 0.23828125 0.397222222222 0.0453125 0.119444444444
0 0.553125 0.511111111111 0.075 0.220833333333
0 0.3390625 0.336111111111 0.04296875 0.111111111111
0 0.546875 0.526388888889 0.0359375 0.119444444444
0 0.58125 0.536111111111 0.05390625 0.161111111111
0 0.15234375 0.613888888889 0.05 0.166666666667
0 0.46171875 0.401388888889 0.04765625 0.131944444444
