0 0.50703125 0.434722222222 0.0671875 0.154166666667
1 0.61875 0.375 0.040625 0.190277777778
1 0.53515625 0.476388888889 0.0328125 0.172222222222
0 0.51875 0.411111111111 0.0359375 0.184722222222
0 0.51875 0.404166666667 0.040625 0.152777777778
0 0.3671875 0.411111111111 0.06875 0.186111111111
1 0.5125 0.472222222222 0.0640625 0.155555555556
0 0.87109375 0.366666666667 0.025 0.125
1 0.76796875 0.436111111111 0.034375 0.1125
0 0.3828125 0.397222222222 0.040625 0.173611111111
0 0.57890625 0.429166666667 0.03515625 0.145833333333
0 0.36484375 0.534722222222 0.0390625 0.0763888888889
0 0.78359375 0.769444444444 0.071875 0.230555555556
1 0.6453125 0.679166666667 0.05234375 0.2
1 0.8234375 0.522222222222 0.04453125 0.158333333333
