1 0.20078125 0.338888888889 0.04296875 0.0916666666667
1 0.46875 0.408333333333 0.04765625 0.120833333333
1 0.41015625 0.470833333333 0.04609375 0.129166666667
1 0.590625 0.495833333333 0.0453125 0.130555555556
1 0.5265625 0.913888888889 0.07890625 0.238888888889
0 0.22421875 0.305555555556 0.0390625 0.129166666667
0 0.203125 0.440277777778 0.0453125 0.119444444444
0 0.71328125 0.498611111111 0.053125 0.156944444444
0 0.47265625 0.386111111111 0.05 0.105555555556
0 0.49375 0.548611111111 0.04375 0.144444444444
0 0.6671875 0.675 0.06875 0.205555555556
0 0.29140625 0.716666666667 0.05546875 0.183333333333
0 0.53359375 0.463888888889 0.040625 0.125
