1 0.58203125 0.226388888889 0.0515625 0.1625
0 0.2671875 0.213888888889 0.075 0.163888888889
0 0.61796875 0.215277777778 0.04296875 0.126388888889
1 0.365625 0.00833333333333 0.04609375 0.113888888889
0 0.37578125 0.348611111111 0.04296875 0.123611111111
0 0.56015625 0.369444444444 0.05546875 0.125
1 0.653125 0.180555555556 0.04921875 0.184722222222
0 0.33671875 0.476388888889 0.03515625 0.181944444444
0 0.421875 0.177777777778 0.05859375 0.0986111111111
0 0.46171875 0.318055555556 0.05703125 0.161111111111
