0 0.2453125 0.280555555556 0.03671875 0.130555555556
1 0.47265625 0.348611111111 0.03984375 0.141666666667
0 0.48515625 0.372222222222 0.0390625 0.131944444444
0 0.73359375 0.641666666667 0.06328125 0.252777777778
0 0.84453125 0.316666666667 0.034375 0.0944444444444
0 0.9015625 0.370833333333 0.0515625 0.113888888889
1 0.80234375 0.269444444444 0.025 0.0555555555556
0 0.38359375 0.356944444444 0.02734375 0.125
1 0.21796875 0.255555555556 0.0265625 0.104166666667
1 0.1953125 0.5 0.034375 0.180555555556
0 0.05 0.438888888889 0.028125 0.144444444444
