1 0.0421875 0.341666666667 0.05234375 0.111111111111
1 0.19609375 0.255555555556 0.0546875 0.111111111111
1 0.4984375 0.391666666667 0.04375 0.123611111111
1 0.61171875 0.425 0.0609375 0.134722222222
1 0.70234375 0.506944444444 0.06328125 0.152777777778
0 0.11171875 0.220833333333 0.0390625 0.122222222222
0 0.16796875 0.311111111111 0.05 0.131944444444
0 0.725 0.508333333333 0.046875 0.122222222222
0 0.25703125 0.218055555556 0.0453125 0.116666666667
0 0.50859375 0.4625 0.04140625 0.1375
0 0.59140625 0.429166666667 0.0421875 0.126388888889
0 0.29765625 0.575 0.04296875 0.144444444444
0 0.4328125 0.318055555556 0.04765625 0.131944444444
1 0.25390625 0.588888888889 0.0203125 0.138888888889
