1 0.040625 0.344444444444 0.05234375 0.111111111111
1 0.19453125 0.259722222222 0.0546875 0.111111111111
1 0.5015625 0.397222222222 0.04375 0.123611111111
1 0.60625 0.429166666667 0.0609375 0.134722222222
1 0.69296875 0.504166666667 0.06640625 0.159722222222
0 0.10859375 0.223611111111 0.0390625 0.122222222222
0 0.165625 0.320833333333 0.04765625 0.125
0 0.70859375 0.504166666667 0.04921875 0.127777777778
0 0.25390625 0.219444444444 0.04765625 0.122222222222
0 0.50703125 0.463888888889 0.04140625 0.1375
0 0.5828125 0.434722222222 0.0421875 0.126388888889
0 0.28125 0.575 0.04296875 0.144444444444
0 0.4296875 0.318055555556 0.05 0.138888888889
1 0.2390625 0.581944444444 0.0234375 0.161111111111
