1 0.17265625 0.290277777778 0.0484375 0.120833333333
0 0.209375 0.261111111111 0.05390625 0.116666666667
0 0.38671875 -0.0291666666667 0.0609375 0.108333333333
0 0.61484375 -0.0513888888889 0.03203125 0.0944444444444
1 0.52109375 -0.0416666666667 0.034375 0.0847222222222
0 0.42265625 0.301388888889 0.0390625 0.1125
0 0.5984375 0.411111111111 0.05234375 0.119444444444
1 0.7265625 0.118055555556 0.0421875 0.159722222222
1 0.75625 0.486111111111 0.04921875 0.184722222222
0 0.82265625 0.544444444444 0.02265625 0.116666666667
