0 0.0609375 0.65 0.09609375 0.131944444444
0 0.32890625 0.438888888889 0.08203125 0.391666666667
0 0.409375 0.447222222222 0.05625 0.322222222222
1 0.434375 0.461111111111 0.0703125 0.326388888889
1 0.45859375 0.240277777778 0.13203125 0.786111111111
1 0.59453125 0.423611111111 0.05390625 0.313888888889
1 0.60703125 0.402777777778 0.078125 0.401388888889
1 0.70625 0.451388888889 0.04765625 0.251388888889
0 0.24140625 0.480555555556 0.0671875 0.291666666667
1 0.9390625 0.319444444444 0.06015625 0.5
