1 0.16953125 0.334722222222 0.0453125 0.0958333333333
1 0.35 0.247222222222 0.028125 0.101388888889
1 0.49375 0.427777777778 0.0390625 0.1125
1 0.70546875 0.408333333333 0.05859375 0.127777777778
1 0.5765625 0.581944444444 0.06328125 0.152777777778
0 0.23046875 0.186111111111 0.03046875 0.0958333333333
0 0.3 0.316666666667 0.040625 0.104166666667
0 0.8328125 0.573611111111 0.05390625 0.141666666667
0 0.41015625 0.191666666667 0.03515625 0.0916666666667
0 0.55859375 0.451388888889 0.0375 0.125
0 0.83125 0.394444444444 0.0421875 0.126388888889
0 0.27734375 0.644444444444 0.05 0.166666666667
0 0.52734375 0.275 0.05234375 0.145833333333
1 0.2796875 0.658333333333 0.03359375 0.152777777778
