0 0.72890625 0.298611111111 0.04296875 0.151388888889
1 0.93359375 0.258333333333 0.04140625 0.148611111111
0 0.95625 0.419444444444 0.04296875 0.145833333333
0 0.96640625 0.3 0.021875 0.0972222222222
1 0.6953125 0.261111111111 0.034375 0.133333333333
1 0.76875 0.545833333333 0.0328125 0.172222222222
0 0.65859375 0.429166666667 0.0296875 0.151388888889
0 0.48203125 0.533333333333 0.040625 0.152777777778
0 0.3 0.616666666667 0.0640625 0.194444444444
1 0.3015625 0.604166666667 0.0609375 0.148611111111
