0 0.2375 0.275 0.0390625 0.1375
1 0.4640625 0.347222222222 0.03984375 0.141666666667
0 0.4765625 0.369444444444 0.0390625 0.131944444444
0 0.7265625 0.643055555556 0.0609375 0.241666666667
0 0.8359375 0.315277777778 0.034375 0.0944444444444
0 0.89296875 0.365277777778 0.05390625 0.119444444444
1 0.796875 0.268055555556 0.025 0.0555555555556
0 0.371875 0.355555555556 0.02890625 0.130555555556
1 0.2125 0.254166666667 0.0265625 0.104166666667
1 0.18671875 0.497222222222 0.034375 0.180555555556
0 0.040625 0.441666666667 0.028125 0.144444444444
