1 0.05 0.402777777778 0.0453125 0.0958333333333
1 0.2421875 0.338888888889 0.0515625 0.141666666667
1 0.39140625 0.409722222222 0.03984375 0.1125
1 0.56328125 0.529166666667 0.0640625 0.183333333333
1 0.6015625 0.675 0.04921875 0.180555555556
0 0.13671875 0.3 0.0390625 0.122222222222
0 0.21796875 0.391666666667 0.0453125 0.119444444444
0 0.56953125 0.5125 0.075 0.220833333333
0 0.30703125 0.3125 0.04765625 0.122222222222
0 0.54296875 0.533333333333 0.04375 0.144444444444
0 0.5921875 0.540277777778 0.05390625 0.161111111111
0 0.16328125 0.601388888889 0.04765625 0.158333333333
0 0.43671875 0.398611111111 0.04765625 0.131944444444
1 0.00078125 0.679166666667 0.0296875 0.205555555556
