1 0.04765625 0.4 0.0453125 0.0958333333333
1 0.3015625 0.373611111111 0.04453125 0.122222222222
1 0.29921875 0.398611111111 0.04375 0.123611111111
1 0.5484375 0.540277777778 0.0546875 0.158333333333
1 0.5640625 0.751388888889 0.0546875 0.198611111111
0 0.14609375 0.315277777778 0.0390625 0.122222222222
0 0.23671875 0.398611111111 0.0453125 0.119444444444
0 0.54609375 0.519444444444 0.06796875 0.2
0 0.35234375 0.341666666667 0.04296875 0.111111111111
0 0.540625 0.522222222222 0.034375 0.1125
0 0.590625 0.5625 0.04921875 0.145833333333
0 0.1421875 0.627777777778 0.04765625 0.158333333333
0 0.47734375 0.405555555556 0.04375 0.119444444444
