1 0.134375 0.447222222222 0.05078125 0.126388888889
0 0.17890625 0.493055555556 0.0625 0.134722222222
0 0.27109375 0.00138888888889 0.0609375 0.108333333333
0 0.61796875 -0.0388888888889 0.03046875 0.0902777777778
1 0.42578125 0.0 0.03125 0.0777777777778
0 0.29609375 0.481944444444 0.040625 0.118055555556
0 0.3953125 0.677777777778 0.0640625 0.145833333333
1 0.66015625 0.241666666667 0.04453125 0.166666666667
1 0.53984375 0.575 0.040625 0.152777777778
0 0.44921875 0.743055555556 0.02890625 0.15
