1 0.1796875 0.277777777778 0.04375 0.109722222222
0 0.20390625 0.240277777778 0.0515625 0.111111111111
0 0.3984375 -0.0333333333333 0.0609375 0.108333333333
0 0.615625 -0.0583333333333 0.03515625 0.104166666667
1 0.53671875 -0.0347222222222 0.034375 0.0847222222222
0 0.45 0.277777777778 0.0390625 0.1125
0 0.6328125 0.383333333333 0.05234375 0.119444444444
1 0.74765625 0.120833333333 0.040625 0.151388888889
1 0.80390625 0.469444444444 0.04921875 0.184722222222
0 0.87421875 0.516666666667 0.0234375 0.123611111111
