1 0.23125 0.391666666667 0.06171875 0.154166666667
0 0.2671875 0.504166666667 0.059375 0.129166666667
0 0.240625 -0.00138888888889 0.0578125 0.102777777778
0 0.56796875 0.0111111111111 0.03515625 0.104166666667
1 0.3109375 0.0819444444444 0.0421875 0.102777777778
0 0.2390625 0.390277777778 0.04765625 0.136111111111
0 0.353125 0.701388888889 0.0671875 0.152777777778
1 0.5609375 0.293055555556 0.0421875 0.159722222222
1 0.5875 0.616666666667 0.03359375 0.125
0 0.3015625 0.752777777778 0.02890625 0.15
