1 0.56015625 0.341666666667 0.04140625 0.104166666667
0 0.49609375 0.455555555556 0.053125 0.152777777778
0 0.55625 0.381944444444 0.05859375 0.104166666667
0 0.490625 0.505555555556 0.046875 0.134722222222
0 0.3484375 0.380555555556 0.03515625 0.154166666667
1 0.59453125 0.470833333333 0.04140625 0.119444444444
1 0.66328125 0.519444444444 0.05859375 0.136111111111
0 0.71640625 0.197222222222 0.046875 0.155555555556
1 0.77265625 0.329166666667 0.05625 0.134722222222
0 0.66015625 0.423611111111 0.04921875 0.130555555556
0 0.66640625 0.502777777778 0.0265625 0.104166666667
