0 0.54296875 0.406944444444 0.0609375 0.138888888889
1 0.57734375 0.386111111111 0.02890625 0.134722222222
1 0.5328125 0.456944444444 0.03125 0.163888888889
0 0.55078125 0.393055555556 0.0296875 0.151388888889
0 0.54140625 0.3875 0.03515625 0.131944444444
0 0.328125 0.383333333333 0.05390625 0.145833333333
1 0.38671875 0.455555555556 0.04296875 0.105555555556
0 0.9265625 0.354166666667 0.0265625 0.131944444444
1 0.8078125 0.422222222222 0.03125 0.101388888889
0 0.85703125 0.473611111111 0.03671875 0.158333333333
0 0.9578125 0.430555555556 0.03359375 0.138888888889
