1 0.5953125 0.343055555556 0.04140625 0.104166666667
0 0.515625 0.440277777778 0.05625 0.159722222222
0 0.58359375 0.366666666667 0.06796875 0.120833333333
0 0.5125 0.472222222222 0.05234375 0.148611111111
0 0.36171875 0.363888888889 0.0390625 0.169444444444
1 0.64921875 0.515277777778 0.04140625 0.119444444444
1 0.68359375 0.523611111111 0.06484375 0.15
0 0.73984375 0.195833333333 0.04453125 0.148611111111
1 0.79375 0.331944444444 0.06171875 0.148611111111
0 0.6390625 0.425 0.0421875 0.113888888889
0 0.61484375 0.5125 0.03203125 0.126388888889
