1 0.56796875 0.344444444444 0.04375 0.109722222222
0 0.5296875 0.397222222222 0.05625 0.159722222222
0 0.56328125 0.381944444444 0.06484375 0.115277777778
0 0.4171875 0.451388888889 0.0578125 0.163888888889
0 0.34765625 0.375 0.03359375 0.147222222222
1 0.52578125 0.448611111111 0.04140625 0.119444444444
1 0.6734375 0.486111111111 0.06796875 0.156944444444
0 0.76484375 0.165277777778 0.046875 0.155555555556
1 0.75625 0.294444444444 0.06171875 0.148611111111
0 0.875 0.359722222222 0.046875 0.125
0 0.8953125 0.436111111111 0.02890625 0.115277777778
