1 0.05390625 0.394444444444 0.0453125 0.0958333333333
1 0.3203125 0.370833333333 0.040625 0.144444444444
1 0.25390625 0.415277777778 0.04375 0.123611111111
1 0.5671875 0.523611111111 0.05 0.144444444444
1 0.47890625 0.773611111111 0.075 0.338888888889
0 0.12890625 0.273611111111 0.05234375 0.173611111111
0 0.18828125 0.402777777778 0.0453125 0.119444444444
0 0.571875 0.508333333333 0.053125 0.156944444444
0 0.3609375 0.345833333333 0.05234375 0.111111111111
0 0.47578125 0.522222222222 0.03125 0.102777777778
0 0.5953125 0.565277777778 0.0515625 0.154166666667
0 0.12734375 0.645833333333 0.04765625 0.158333333333
0 0.4765625 0.444444444444 0.04921875 0.122222222222
