1 0.58671875 0.230555555556 0.0515625 0.1625
0 0.2671875 0.211111111111 0.07890625 0.172222222222
0 0.61953125 0.218055555556 0.04296875 0.126388888889
1 0.36328125 0.00833333333333 0.04609375 0.113888888889
0 0.3734375 0.348611111111 0.04296875 0.123611111111
0 0.5578125 0.368055555556 0.05546875 0.125
1 0.65078125 0.179166666667 0.04921875 0.184722222222
0 0.334375 0.473611111111 0.03671875 0.190277777778
0 0.41875 0.177777777778 0.05859375 0.0986111111111
0 0.4578125 0.316666666667 0.06015625 0.169444444444
