1 0.2921875 0.293055555556 0.05859375 0.147222222222
0 0.315625 0.308333333333 0.05390625 0.116666666667
0 0.5671875 -0.00138888888889 0.03515625 0.104166666667
1 0.325 0.0472222222222 0.04375 0.108333333333
0 0.315625 0.297222222222 0.05234375 0.15
0 0.4296875 0.572222222222 0.0640625 0.145833333333
1 0.6109375 0.243055555556 0.0421875 0.159722222222
1 0.56015625 0.434722222222 0.0515625 0.194444444444
0 0.2984375 0.570833333333 0.03203125 0.165277777778
0 0.41875 -0.0402777777778 0.0484375 0.0805555555556
