1 0.128125 0.338888888889 0.05078125 0.126388888889
0 0.18671875 0.404166666667 0.059375 0.129166666667
0 0.31484375 -0.00138888888889 0.0609375 0.108333333333
0 0.61171875 -0.0458333333333 0.02890625 0.0861111111111
1 0.4671875 -0.0388888888889 0.03125 0.0777777777778
0 0.3359375 0.413888888889 0.040625 0.118055555556
0 0.46875 0.565277777778 0.0578125 0.131944444444
1 0.67265625 0.191666666667 0.040625 0.151388888889
1 0.5578125 0.616666666667 0.04921875 0.184722222222
0 0.5828125 0.661111111111 0.025 0.129166666667
