1 0.12578125 0.4125 0.0359375 0.0902777777778
1 0.30625 0.208333333333 0.03671875 0.106944444444
0 0.2421875 0.418055555556 0.04921875 0.105555555556
0 0.4734375 0.361111111111 0.05234375 0.0930555555556
0 0.528125 0.223611111111 0.04140625 0.106944444444
1 0.67734375 0.229166666667 0.03203125 0.0777777777778
0 0.65703125 0.265277777778 0.02109375 0.0597222222222
0 0.61953125 0.347222222222 0.03046875 0.0902777777778
0 0.85546875 0.201388888889 0.04375 0.118055555556
1 0.94609375 0.190277777778 0.0359375 0.108333333333
1 0.5546875 0.336111111111 0.0421875 0.102777777778
0 0.7484375 0.5 0.0375 0.106944444444
