1 0.05703125 0.390277777778 0.04375 0.109722222222
1 0.22734375 0.233333333333 0.03515625 0.101388888889
0 0.1859375 0.366666666667 0.05390625 0.116666666667
0 0.43125 0.430555555556 0.05 0.140277777778
0 0.4453125 0.254166666667 0.04140625 0.106944444444
1 0.59375 0.251388888889 0.03359375 0.0819444444444
0 0.61015625 0.295833333333 0.01875 0.0541666666667
0 0.63125 0.381944444444 0.03203125 0.0944444444444
0 0.78671875 0.2375 0.04609375 0.123611111111
1 0.8921875 0.216666666667 0.0359375 0.108333333333
1 0.89296875 0.297222222222 0.0328125 0.0930555555556
1 0.84453125 0.466666666667 0.0390625 0.143055555556
1 0.5265625 0.383333333333 0.0421875 0.102777777778
0 0.69609375 0.511111111111 0.04296875 0.123611111111
0 0.93046875 0.558333333333 0.0484375 0.136111111111
