1 0.10078125 0.425 0.0359375 0.0902777777778
1 0.2734375 0.230555555556 0.03515625 0.101388888889
0 0.21953125 0.418055555556 0.04921875 0.105555555556
0 0.45625 0.386111111111 0.0578125 0.102777777778
0 0.496875 0.247222222222 0.04140625 0.106944444444
1 0.646875 0.243055555556 0.03359375 0.0819444444444
0 0.63125 0.279166666667 0.02109375 0.0597222222222
0 0.60390625 0.369444444444 0.03046875 0.0902777777778
0 0.82109375 0.222222222222 0.04375 0.118055555556
1 0.9171875 0.216666666667 0.0359375 0.108333333333
1 0.940625 0.291666666667 0.03125 0.0875
1 0.9203125 0.459722222222 0.0375 0.136111111111
1 0.52734375 0.356944444444 0.0421875 0.102777777778
0 0.7265625 0.522222222222 0.0375 0.106944444444
