1 0.23828125 0.327777777778 0.04296875 0.0916666666667
1 0.45390625 0.406944444444 0.04296875 0.109722222222
1 0.45078125 0.477777777778 0.04609375 0.129166666667
1 0.6125 0.472222222222 0.04296875 0.125
1 0.55390625 0.883333333333 0.06796875 0.206944444444
0 0.246875 0.302777777778 0.03359375 0.111111111111
0 0.20859375 0.433333333333 0.04140625 0.108333333333
0 0.76796875 0.520833333333 0.053125 0.156944444444
0 0.4703125 0.380555555556 0.04296875 0.0916666666667
0 0.509375 0.5875 0.0390625 0.130555555556
0 0.65625 0.698611111111 0.0625 0.186111111111
0 0.3390625 0.722222222222 0.05546875 0.183333333333
0 0.5328125 0.447222222222 0.0421875 0.131944444444
