1 0.03203125 0.370833333333 0.05234375 0.111111111111
1 0.1859375 0.2875 0.0546875 0.111111111111
1 0.49921875 0.406944444444 0.04375 0.123611111111
1 0.59140625 0.466666666667 0.05859375 0.127777777778
1 0.6640625 0.559722222222 0.06328125 0.152777777778
0 0.096875 0.248611111111 0.0390625 0.122222222222
0 0.1578125 0.355555555556 0.04765625 0.125
0 0.684375 0.525 0.0421875 0.111111111111
0 0.24609375 0.25 0.04765625 0.122222222222
0 0.5125 0.488888888889 0.04140625 0.1375
0 0.5546875 0.469444444444 0.0421875 0.126388888889
0 0.21328125 0.595833333333 0.04296875 0.144444444444
0 0.42109375 0.35 0.05 0.138888888889
1 0.16796875 0.588888888889 0.0234375 0.161111111111
