1 0.1640625 0.301388888889 0.0453125 0.0958333333333
1 0.353125 0.294444444444 0.028125 0.101388888889
1 0.49609375 0.469444444444 0.04140625 0.118055555556
1 0.68671875 0.325 0.05859375 0.127777777778
1 0.578125 0.709722222222 0.06328125 0.152777777778
0 0.2390625 0.193055555556 0.03046875 0.0958333333333
0 0.30546875 0.281944444444 0.040625 0.104166666667
0 0.821875 0.597222222222 0.05390625 0.141666666667
0 0.428125 0.155555555556 0.03515625 0.0916666666667
0 0.57109375 0.536111111111 0.0390625 0.130555555556
0 0.8625 0.318055555556 0.0421875 0.126388888889
0 0.2671875 0.730555555556 0.05 0.166666666667
0 0.51796875 0.405555555556 0.05234375 0.145833333333
1 0.271875 0.727777777778 0.03515625 0.161111111111
