1 0.13203125 0.334722222222 0.05078125 0.126388888889
0 0.190625 0.379166666667 0.059375 0.129166666667
0 0.32421875 -0.00138888888889 0.0609375 0.108333333333
0 0.61015625 -0.0541666666667 0.02890625 0.0861111111111
1 0.4703125 -0.0375 0.03125 0.0777777777778
0 0.34453125 0.405555555556 0.0375 0.106944444444
0 0.48515625 0.545833333333 0.0578125 0.131944444444
1 0.675 0.179166666667 0.0421875 0.159722222222
1 0.5796875 0.594444444444 0.0515625 0.194444444444
0 0.6171875 0.658333333333 0.0234375 0.123611111111
