1 0.26484375 0.361111111111 0.05859375 0.147222222222
0 0.28671875 0.418055555556 0.05390625 0.116666666667
0 0.559375 0.0263888888889 0.03515625 0.104166666667
1 0.31015625 0.0847222222222 0.04609375 0.113888888889
0 0.27265625 0.3625 0.05234375 0.15
0 0.396875 0.677777777778 0.0609375 0.138888888889
1 0.59140625 0.305555555556 0.040625 0.151388888889
1 0.515625 0.554166666667 0.03671875 0.138888888889
0 0.29765625 0.681944444444 0.03046875 0.156944444444
0 0.41015625 0.0 0.053125 0.0888888888889
