0 0.0640625 0.276388888889 0.0390625 0.1375
1 0.19921875 0.361111111111 0.04375 0.155555555556
0 0.29921875 0.402777777778 0.0375 0.125
0 0.51796875 0.648611111111 0.05234375 0.208333333333
0 0.621875 0.302777777778 0.034375 0.0944444444444
0 0.7265625 0.365277777778 0.0515625 0.113888888889
0 0.9578125 0.398611111111 0.06171875 0.159722222222
1 0.81875 0.344444444444 0.06015625 0.148611111111
1 0.78984375 0.481944444444 0.06875 0.173611111111
1 0.61796875 0.259722222222 0.0234375 0.0527777777778
0 0.01953125 0.365277777778 0.03046875 0.1375
1 0.05390625 0.256944444444 0.02421875 0.0944444444444
