0 0.465625 0.427777777778 0.0671875 0.154166666667
1 0.6171875 0.369444444444 0.03359375 0.155555555556
1 0.559375 0.465277777778 0.03125 0.163888888889
0 0.46875 0.404166666667 0.0359375 0.184722222222
0 0.4671875 0.402777777778 0.040625 0.152777777778
0 0.346875 0.391666666667 0.06484375 0.176388888889
1 0.52421875 0.455555555556 0.05546875 0.134722222222
0 0.86328125 0.361111111111 0.028125 0.138888888889
1 0.81875 0.411111111111 0.0359375 0.118055555556
0 0.5625 0.451388888889 0.02890625 0.123611111111
0 0.65078125 0.4375 0.03359375 0.138888888889
0 0.42109375 0.497222222222 0.04296875 0.0847222222222
0 0.8953125 0.780555555556 0.06875 0.219444444444
