1 0.5328125 0.230555555556 0.05625 0.179166666667
0 0.26640625 0.233333333333 0.071875 0.155555555556
0 0.5984375 0.173611111111 0.0453125 0.133333333333
1 0.37109375 0.0166666666667 0.04609375 0.113888888889
0 0.3890625 0.347222222222 0.04296875 0.123611111111
0 0.55625 0.376388888889 0.05546875 0.125
1 0.6515625 0.193055555556 0.046875 0.175
0 0.3421875 0.480555555556 0.03515625 0.181944444444
0 0.42890625 0.148611111111 0.05859375 0.0986111111111
0 0.46953125 0.323611111111 0.05703125 0.161111111111
