1 0.11875 0.4125 0.0359375 0.0902777777778
1 0.2953125 0.213888888889 0.03671875 0.106944444444
0 0.23671875 0.415277777778 0.04921875 0.105555555556
0 0.4671875 0.365277777778 0.0546875 0.0972222222222
0 0.51953125 0.227777777778 0.04140625 0.106944444444
1 0.66875 0.231944444444 0.03203125 0.0777777777778
0 0.6484375 0.272222222222 0.02109375 0.0597222222222
0 0.61328125 0.355555555556 0.03046875 0.0902777777778
0 0.846875 0.206944444444 0.04375 0.118055555556
1 0.9375 0.197222222222 0.0359375 0.108333333333
1 0.54765625 0.341666666667 0.0421875 0.102777777778
0 0.74453125 0.505555555556 0.0375 0.106944444444
