1 0.1515625 0.354166666667 0.05078125 0.126388888889
0 0.2046875 0.322222222222 0.05625 0.122222222222
0 0.35390625 -0.00138888888889 0.0609375 0.108333333333
0 0.6125 -0.0583333333333 0.03359375 0.0986111111111
1 0.4953125 -0.0486111111111 0.034375 0.0847222222222
0 0.37578125 0.365277777778 0.0390625 0.1125
0 0.52890625 0.495833333333 0.05546875 0.125
1 0.696875 0.158333333333 0.0421875 0.159722222222
1 0.64921875 0.558333333333 0.04921875 0.184722222222
0 0.703125 0.616666666667 0.025 0.129166666667
