1 0.040625 0.343055555556 0.05234375 0.111111111111
1 0.19453125 0.256944444444 0.0546875 0.111111111111
1 0.5 0.397222222222 0.04375 0.123611111111
1 0.60859375 0.430555555556 0.0609375 0.134722222222
1 0.6953125 0.505555555556 0.06640625 0.159722222222
0 0.109375 0.222222222222 0.0390625 0.122222222222
0 0.16640625 0.320833333333 0.04765625 0.125
0 0.71171875 0.508333333333 0.04921875 0.127777777778
0 0.253125 0.218055555556 0.04765625 0.122222222222
0 0.50703125 0.463888888889 0.04140625 0.1375
0 0.58515625 0.430555555556 0.0421875 0.126388888889
0 0.28515625 0.570833333333 0.04296875 0.144444444444
0 0.43125 0.319444444444 0.05 0.138888888889
1 0.24296875 0.583333333333 0.021875 0.152777777778
