1 0.1359375 0.408333333333 0.0359375 0.0902777777778
1 0.31640625 0.202777777778 0.03671875 0.106944444444
0 0.24609375 0.413888888889 0.04921875 0.105555555556
0 0.4765625 0.356944444444 0.05234375 0.0930555555556
0 0.5375 0.219444444444 0.04140625 0.106944444444
1 0.684375 0.225 0.03203125 0.0777777777778
0 0.6625 0.2625 0.02109375 0.0597222222222
0 0.62421875 0.344444444444 0.03046875 0.0902777777778
0 0.8640625 0.195833333333 0.04375 0.118055555556
1 0.9546875 0.1875 0.0359375 0.108333333333
1 0.56171875 0.329166666667 0.0421875 0.102777777778
0 0.7515625 0.495833333333 0.0375 0.106944444444
