0 0.196875 0.269444444444 0.0390625 0.1375
1 0.40234375 0.356944444444 0.0375 0.134722222222
0 0.43046875 0.373611111111 0.0390625 0.131944444444
0 0.66953125 0.633333333333 0.0578125 0.229166666667
0 0.77890625 0.3125 0.034375 0.0944444444444
0 0.85 0.3625 0.05390625 0.119444444444
1 0.97109375 0.331944444444 0.05703125 0.141666666667
1 0.959375 0.488888888889 0.0625 0.156944444444
1 0.75 0.261111111111 0.025 0.0555555555556
0 0.28515625 0.354166666667 0.02890625 0.130555555556
1 0.184375 0.259722222222 0.02421875 0.0944444444444
1 0.12109375 0.491666666667 0.034375 0.180555555556
