0 0.52421875 0.395833333333 0.0609375 0.138888888889
1 0.5765625 0.375 0.03203125 0.148611111111
1 0.53359375 0.459722222222 0.03125 0.163888888889
0 0.540625 0.379166666667 0.0296875 0.151388888889
0 0.5390625 0.379166666667 0.0390625 0.145833333333
0 0.32421875 0.381944444444 0.05390625 0.145833333333
1 0.39609375 0.452777777778 0.04296875 0.105555555556
0 0.921875 0.361111111111 0.0265625 0.131944444444
1 0.803125 0.420833333333 0.03125 0.101388888889
0 0.8484375 0.480555555556 0.03515625 0.15
0 0.94453125 0.429166666667 0.03359375 0.138888888889
