0 0.5546875 0.438888888889 0.0671875 0.154166666667
1 0.57890625 0.347222222222 0.04765625 0.219444444444
1 0.50625 0.484722222222 0.0328125 0.172222222222
0 0.56328125 0.409722222222 0.0375 0.193055555556
0 0.55078125 0.402777777778 0.04453125 0.168055555556
0 0.38203125 0.409722222222 0.06484375 0.176388888889
1 0.496875 0.484722222222 0.0640625 0.155555555556
0 0.8921875 0.358333333333 0.028125 0.138888888889
1 0.7484375 0.448611111111 0.0359375 0.118055555556
0 0.3953125 0.381944444444 0.040625 0.173611111111
0 0.55390625 0.4375 0.0390625 0.161111111111
0 0.3328125 0.504166666667 0.05 0.0986111111111
0 0.815625 0.805555555556 0.06875 0.219444444444
1 0.43671875 0.6375 0.05234375 0.2
1 0.6140625 0.531944444444 0.046875 0.166666666667
1 0.16796875 0.538888888889 0.06171875 0.165277777778
