0 0.46640625 0.426388888889 0.0671875 0.154166666667
1 0.6109375 0.369444444444 0.03359375 0.155555555556
1 0.55859375 0.4625 0.03125 0.163888888889
0 0.465625 0.404166666667 0.0359375 0.184722222222
0 0.46484375 0.404166666667 0.040625 0.152777777778
0 0.3421875 0.3875 0.06484375 0.176388888889
1 0.51328125 0.454166666667 0.05234375 0.127777777778
0 0.86015625 0.358333333333 0.028125 0.138888888889
1 0.8140625 0.408333333333 0.0359375 0.118055555556
0 0.57265625 0.463888888889 0.02734375 0.118055555556
0 0.6546875 0.433333333333 0.03359375 0.138888888889
0 0.415625 0.495833333333 0.04296875 0.0847222222222
0 0.9046875 0.780555555556 0.06875 0.219444444444
