1 0.096875 0.422222222222 0.0359375 0.0902777777778
1 0.26796875 0.233333333333 0.03515625 0.101388888889
0 0.2171875 0.4125 0.04921875 0.105555555556
0 0.45390625 0.384722222222 0.0578125 0.102777777778
0 0.49296875 0.248611111111 0.04140625 0.106944444444
1 0.64296875 0.245833333333 0.03359375 0.0819444444444
0 0.628125 0.281944444444 0.02109375 0.0597222222222
0 0.60078125 0.366666666667 0.03203125 0.0944444444444
0 0.81953125 0.219444444444 0.04375 0.118055555556
1 0.91484375 0.213888888889 0.034375 0.102777777778
1 0.9359375 0.293055555556 0.03125 0.0875
1 0.91484375 0.461111111111 0.0375 0.136111111111
1 0.52421875 0.356944444444 0.0421875 0.102777777778
0 0.725 0.523611111111 0.0375 0.106944444444
