1 0.246875 0.320833333333 0.040625 0.0875
1 0.45390625 0.408333333333 0.040625 0.104166666667
1 0.45703125 0.477777777778 0.04609375 0.129166666667
1 0.615625 0.463888888889 0.04296875 0.125
1 0.56171875 0.890277777778 0.06171875 0.1875
0 0.253125 0.301388888889 0.03203125 0.106944444444
0 0.209375 0.422222222222 0.0453125 0.119444444444
0 0.7734375 0.522222222222 0.053125 0.156944444444
0 0.46875 0.376388888889 0.04296875 0.0916666666667
0 0.5109375 0.581944444444 0.0390625 0.130555555556
0 0.653125 0.695833333333 0.0625 0.186111111111
0 0.34765625 0.723611111111 0.05546875 0.183333333333
0 0.5359375 0.444444444444 0.0421875 0.131944444444
