1 0.13046875 0.409722222222 0.0359375 0.0902777777778
1 0.31171875 0.205555555556 0.03671875 0.106944444444
0 0.24296875 0.413888888889 0.04921875 0.105555555556
0 0.475 0.359722222222 0.05234375 0.0930555555556
0 0.5328125 0.222222222222 0.04140625 0.106944444444
1 0.68046875 0.226388888889 0.03203125 0.0777777777778
0 0.659375 0.265277777778 0.02109375 0.0597222222222
0 0.621875 0.344444444444 0.03046875 0.0902777777778
0 0.86015625 0.2 0.04375 0.118055555556
1 0.9515625 0.188888888889 0.0359375 0.108333333333
1 0.5578125 0.330555555556 0.0421875 0.102777777778
0 0.75 0.497222222222 0.0375 0.106944444444
