1 0.4828125 0.286111111111 0.078125 0.197222222222
0 0.2765625 0.263888888889 0.07890625 0.172222222222
0 0.56171875 0.115277777778 0.0453125 0.133333333333
1 0.3453125 0.0541666666667 0.04609375 0.113888888889
0 0.3984375 0.383333333333 0.04296875 0.123611111111
0 0.53984375 0.434722222222 0.05546875 0.125
1 0.61328125 0.202777777778 0.046875 0.175
1 0.53984375 0.418055555556 0.0515625 0.194444444444
0 0.31875 0.494444444444 0.03671875 0.190277777778
0 0.425 0.108333333333 0.05859375 0.0986111111111
