1 0.1234375 0.330555555556 0.04765625 0.101388888889
1 0.30390625 0.227777777778 0.0296875 0.105555555556
1 0.5046875 0.3875 0.04375 0.123611111111
1 0.7125 0.393055555556 0.0671875 0.148611111111
1 0.66796875 0.519444444444 0.05703125 0.1375
0 0.2171875 0.195833333333 0.03046875 0.0958333333333
0 0.2578125 0.3 0.0453125 0.115277777778
0 0.8296875 0.529166666667 0.05703125 0.148611111111
0 0.35078125 0.188888888889 0.0375 0.0958333333333
0 0.5578125 0.447222222222 0.0390625 0.130555555556
0 0.7203125 0.401388888889 0.046875 0.138888888889
0 0.3515625 0.618055555556 0.04296875 0.144444444444
0 0.509375 0.294444444444 0.0390625 0.108333333333
1 0.3296875 0.618055555556 0.03203125 0.145833333333
