1 0.20859375 0.402777777778 0.05859375 0.147222222222
0 0.22421875 0.547222222222 0.059375 0.129166666667
0 0.2203125 0.00138888888889 0.0546875 0.0972222222222
0 0.5875 0.00138888888889 0.03203125 0.0944444444444
1 0.33984375 0.0402777777778 0.03828125 0.0930555555556
0 0.2265625 0.393055555556 0.0453125 0.129166666667
0 0.3578125 0.713888888889 0.0671875 0.152777777778
1 0.584375 0.276388888889 0.040625 0.151388888889
1 0.5296875 0.588888888889 0.040625 0.152777777778
0 0.31328125 0.772222222222 0.03203125 0.165277777778
