1 0.1671875 0.430555555556 0.053125 0.133333333333
0 0.18828125 0.516666666667 0.0625 0.134722222222
0 0.225 0.00138888888889 0.0609375 0.108333333333
0 0.6125 -0.00138888888889 0.03046875 0.0902777777778
1 0.38125 0.0 0.0328125 0.0805555555556
0 0.2515625 0.441666666667 0.04296875 0.123611111111
0 0.36015625 0.727777777778 0.0640625 0.145833333333
1 0.628125 0.263888888889 0.0421875 0.159722222222
1 0.53125 0.586111111111 0.040625 0.152777777778
0 0.36328125 0.793055555556 0.02734375 0.143055555556
