1 0.15859375 0.3375 0.0453125 0.0958333333333
1 0.3421875 0.248611111111 0.02734375 0.0958333333333
1 0.50234375 0.411111111111 0.0390625 0.1125
1 0.7140625 0.401388888889 0.0609375 0.134722222222
1 0.615625 0.558333333333 0.06015625 0.144444444444
0 0.2359375 0.198611111111 0.03046875 0.0958333333333
0 0.29296875 0.313888888889 0.040625 0.104166666667
0 0.834375 0.556944444444 0.05703125 0.148611111111
0 0.390625 0.195833333333 0.03515625 0.0916666666667
0 0.5640625 0.447222222222 0.0390625 0.130555555556
0 0.8015625 0.401388888889 0.0421875 0.126388888889
0 0.315625 0.636111111111 0.0453125 0.151388888889
0 0.52734375 0.288888888889 0.04140625 0.113888888889
1 0.3125 0.648611111111 0.03046875 0.138888888889
