0 0.46171875 0.426388888889 0.0671875 0.154166666667
1 0.596875 0.366666666667 0.03671875 0.172222222222
1 0.5640625 0.466666666667 0.03125 0.163888888889
0 0.45859375 0.386111111111 0.04140625 0.213888888889
0 0.45859375 0.404166666667 0.04296875 0.159722222222
0 0.35078125 0.386111111111 0.05625 0.152777777778
1 0.5 0.45 0.05234375 0.127777777778
0 0.85546875 0.356944444444 0.028125 0.138888888889
1 0.8046875 0.408333333333 0.034375 0.1125
0 0.596875 0.459722222222 0.02734375 0.118055555556
0 0.6703125 0.431944444444 0.03359375 0.138888888889
0 0.39765625 0.493055555556 0.04296875 0.0847222222222
