1 0.1296875 0.336111111111 0.05078125 0.126388888889
0 0.18828125 0.386111111111 0.059375 0.129166666667
0 0.3203125 0.0 0.0609375 0.108333333333
0 0.61015625 -0.0555555555556 0.02890625 0.0861111111111
1 0.46953125 -0.0388888888889 0.03125 0.0777777777778
0 0.34140625 0.405555555556 0.0390625 0.1125
0 0.48125 0.552777777778 0.0578125 0.131944444444
1 0.6734375 0.184722222222 0.040625 0.151388888889
1 0.57109375 0.604166666667 0.04921875 0.184722222222
0 0.6046875 0.655555555556 0.0234375 0.123611111111
