0 0.46796875 0.413888888889 0.078125 0.177777777778
1 0.59140625 0.372222222222 0.03359375 0.155555555556
1 0.56640625 0.458333333333 0.03125 0.163888888889
0 0.4734375 0.384722222222 0.04140625 0.213888888889
0 0.4734375 0.398611111111 0.0390625 0.145833333333
0 0.33515625 0.375 0.05625 0.152777777778
1 0.4859375 0.441666666667 0.05546875 0.134722222222
0 0.86796875 0.3625 0.0265625 0.131944444444
1 0.796875 0.413888888889 0.0328125 0.106944444444
0 0.6703125 0.473611111111 0.03046875 0.129166666667
0 0.7296875 0.429166666667 0.03515625 0.145833333333
