1 0.05 0.406944444444 0.0453125 0.0958333333333
1 0.2328125 0.333333333333 0.0546875 0.148611111111
1 0.40234375 0.408333333333 0.03984375 0.1125
1 0.5625 0.520833333333 0.0640625 0.183333333333
1 0.60078125 0.659722222222 0.04921875 0.180555555556
0 0.1359375 0.298611111111 0.0390625 0.122222222222
0 0.21171875 0.394444444444 0.0453125 0.119444444444
0 0.57265625 0.513888888889 0.07109375 0.209722222222
0 0.30078125 0.309722222222 0.04765625 0.122222222222
0 0.54140625 0.533333333333 0.04140625 0.1375
0 0.59765625 0.544444444444 0.0515625 0.154166666667
0 0.16328125 0.602777777778 0.04765625 0.158333333333
0 0.434375 0.4 0.04765625 0.131944444444
1 0.015625 0.679166666667 0.028125 0.195833333333
