1 0.2828125 0.309722222222 0.05859375 0.147222222222
0 0.303125 0.336111111111 0.05390625 0.116666666667
0 0.56484375 0.0 0.03515625 0.104166666667
1 0.3234375 0.0541666666667 0.04609375 0.113888888889
0 0.30546875 0.322222222222 0.05 0.143055555556
0 0.4203125 0.593055555556 0.0640625 0.145833333333
1 0.60546875 0.252777777778 0.040625 0.151388888889
1 0.55078125 0.470833333333 0.04453125 0.168055555556
0 0.29765625 0.595833333333 0.03203125 0.165277777778
0 0.4140625 -0.0291666666667 0.05078125 0.0847222222222
