0 0.4703125 0.427777777778 0.07109375 0.161111111111
1 0.58984375 0.369444444444 0.03203125 0.148611111111
1 0.5671875 0.456944444444 0.03125 0.163888888889
0 0.478125 0.405555555556 0.034375 0.175
0 0.48203125 0.398611111111 0.0390625 0.145833333333
0 0.334375 0.381944444444 0.05390625 0.145833333333
1 0.4828125 0.441666666667 0.05 0.122222222222
0 0.8765625 0.359722222222 0.025 0.125
1 0.7953125 0.411111111111 0.03125 0.101388888889
0 0.71328125 0.475 0.02890625 0.123611111111
0 0.76953125 0.429166666667 0.03671875 0.152777777778
