1 0.42734375 0.330555555556 0.075 0.1875
0 0.28671875 0.268055555556 0.075 0.163888888889
0 0.56171875 0.0666666666667 0.0453125 0.133333333333
1 0.33828125 0.0597222222222 0.04609375 0.113888888889
0 0.39921875 0.393055555556 0.0390625 0.1125
0 0.52109375 0.468055555556 0.05546875 0.125
1 0.615625 0.202777777778 0.04453125 0.166666666667
1 0.52265625 0.434722222222 0.05703125 0.215277777778
0 0.31328125 0.502777777778 0.03515625 0.181944444444
0 0.42578125 0.0638888888889 0.05859375 0.0986111111111
