1 0.57265625 0.338888888889 0.04140625 0.104166666667
0 0.509375 0.456944444444 0.053125 0.152777777778
0 0.56953125 0.380555555556 0.05859375 0.104166666667
0 0.5015625 0.5 0.04921875 0.141666666667
0 0.359375 0.377777777778 0.03671875 0.1625
1 0.61640625 0.480555555556 0.04140625 0.119444444444
1 0.67734375 0.533333333333 0.05859375 0.136111111111
0 0.7265625 0.201388888889 0.046875 0.155555555556
1 0.78828125 0.334722222222 0.05625 0.134722222222
0 0.66015625 0.4125 0.0515625 0.1375
0 0.66171875 0.509722222222 0.02734375 0.109722222222
