1 0.04921875 0.404166666667 0.0453125 0.0958333333333
1 0.23359375 0.336111111111 0.0515625 0.141666666667
1 0.40625 0.406944444444 0.03984375 0.1125
1 0.5609375 0.519444444444 0.0640625 0.183333333333
1 0.6 0.659722222222 0.04921875 0.180555555556
0 0.13359375 0.298611111111 0.0390625 0.122222222222
0 0.20859375 0.393055555556 0.0453125 0.119444444444
0 0.578125 0.520833333333 0.06796875 0.2
0 0.2984375 0.311111111111 0.04765625 0.122222222222
0 0.5390625 0.533333333333 0.04140625 0.1375
0 0.59921875 0.545833333333 0.0515625 0.154166666667
0 0.16328125 0.602777777778 0.04765625 0.158333333333
0 0.4328125 0.401388888889 0.04765625 0.131944444444
1 0.02109375 0.679166666667 0.028125 0.195833333333
