0 0.47265625 0.423611111111 0.07109375 0.161111111111
1 0.5890625 0.369444444444 0.03203125 0.148611111111
1 0.56640625 0.458333333333 0.0328125 0.172222222222
0 0.4828125 0.402777777778 0.034375 0.175
0 0.503125 0.390277777778 0.0390625 0.145833333333
0 0.33359375 0.383333333333 0.05390625 0.145833333333
1 0.48046875 0.440277777778 0.05 0.122222222222
0 0.8796875 0.361111111111 0.025 0.125
1 0.79453125 0.402777777778 0.03125 0.101388888889
0 0.72109375 0.473611111111 0.03046875 0.129166666667
0 0.78125 0.420833333333 0.03671875 0.152777777778
