1 0.0578125 0.383333333333 0.0453125 0.0958333333333
1 0.33046875 0.365277777778 0.0390625 0.1375
1 0.25546875 0.415277777778 0.04375 0.123611111111
1 0.57421875 0.519444444444 0.05 0.144444444444
1 0.4734375 0.793055555556 0.06796875 0.308333333333
0 0.12734375 0.288888888889 0.05234375 0.173611111111
0 0.1796875 0.4 0.0453125 0.119444444444
0 0.58671875 0.511111111111 0.04609375 0.136111111111
0 0.36953125 0.35 0.05234375 0.111111111111
0 0.4609375 0.531944444444 0.03125 0.102777777778
0 0.59453125 0.55 0.059375 0.177777777778
0 0.13046875 0.644444444444 0.04765625 0.158333333333
0 0.48359375 0.445833333333 0.04453125 0.111111111111
