0 0.07734375 0.673611111111 0.09609375 0.131944444444
0 0.346875 0.491666666667 0.07421875 0.355555555556
0 0.41640625 0.477777777778 0.05859375 0.338888888889
1 0.44140625 0.477777777778 0.0734375 0.343055555556
1 0.4546875 0.216666666667 0.1453125 0.866666666667
1 0.57265625 0.479166666667 0.04921875 0.284722222222
1 0.590625 0.438888888889 0.07421875 0.383333333333
1 0.6484375 0.4875 0.04296875 0.229166666667
0 0.2484375 0.519444444444 0.0640625 0.277777777778
1 0.884375 0.293055555556 0.0546875 0.454166666667
