1 0.43515625 0.326388888889 0.078125 0.197222222222
0 0.28359375 0.270833333333 0.075 0.163888888889
0 0.5640625 0.0888888888889 0.0453125 0.133333333333
1 0.340625 0.0736111111111 0.04609375 0.113888888889
0 0.40078125 0.395833333333 0.0390625 0.1125
0 0.5296875 0.454166666667 0.05234375 0.119444444444
1 0.615625 0.208333333333 0.04453125 0.166666666667
1 0.53125 0.429166666667 0.0515625 0.194444444444
0 0.31640625 0.501388888889 0.03359375 0.173611111111
0 0.42734375 0.0861111111111 0.05859375 0.0986111111111
