1 0.41640625 0.3375 0.075 0.1875
0 0.28984375 0.273611111111 0.071875 0.155555555556
0 0.56171875 0.0652777777778 0.0453125 0.133333333333
1 0.33671875 0.0638888888889 0.04609375 0.113888888889
0 0.39921875 0.391666666667 0.040625 0.118055555556
0 0.51640625 0.473611111111 0.05546875 0.125
1 0.6140625 0.202777777778 0.04453125 0.166666666667
1 0.51640625 0.436111111111 0.05703125 0.215277777778
0 0.31171875 0.506944444444 0.03359375 0.173611111111
0 0.42421875 0.0652777777778 0.05859375 0.0986111111111
