1 0.12890625 0.336111111111 0.05078125 0.126388888889
0 0.18671875 0.394444444444 0.059375 0.129166666667
0 0.31796875 0.0 0.0609375 0.108333333333
0 0.61015625 -0.0597222222222 0.02890625 0.0861111111111
1 0.46875 -0.0388888888889 0.03125 0.0777777777778
0 0.33828125 0.408333333333 0.040625 0.118055555556
0 0.47578125 0.559722222222 0.0578125 0.131944444444
1 0.67421875 0.186111111111 0.040625 0.151388888889
1 0.5640625 0.609722222222 0.04921875 0.184722222222
0 0.5921875 0.656944444444 0.025 0.129166666667
