1 0.07421875 0.420833333333 0.03984375 0.1
1 0.24765625 0.240277777778 0.03515625 0.101388888889
0 0.2 0.395833333333 0.04921875 0.105555555556
0 0.440625 0.402777777778 0.0578125 0.102777777778
0 0.46796875 0.258333333333 0.04140625 0.106944444444
1 0.615625 0.25 0.03359375 0.0819444444444
0 0.61171875 0.286111111111 0.02109375 0.0597222222222
0 0.5984375 0.376388888889 0.03203125 0.0944444444444
0 0.79765625 0.236111111111 0.04375 0.118055555556
1 0.89453125 0.225 0.034375 0.102777777778
1 0.9109375 0.297222222222 0.0328125 0.0930555555556
1 0.8796875 0.4625 0.0390625 0.143055555556
1 0.5078125 0.368055555556 0.0421875 0.102777777778
0 0.70625 0.518055555556 0.0453125 0.129166666667
0 0.94296875 0.548611111111 0.05078125 0.143055555556
