1 0.1703125 0.331944444444 0.0453125 0.0958333333333
1 0.35 0.248611111111 0.028125 0.101388888889
1 0.49296875 0.430555555556 0.0390625 0.1125
1 0.7046875 0.408333333333 0.05859375 0.127777777778
1 0.5734375 0.583333333333 0.06328125 0.152777777778
0 0.2296875 0.181944444444 0.03046875 0.0958333333333
0 0.29921875 0.316666666667 0.040625 0.104166666667
0 0.83203125 0.577777777778 0.05390625 0.141666666667
0 0.41171875 0.190277777778 0.03515625 0.0916666666667
0 0.55859375 0.451388888889 0.0375 0.125
0 0.834375 0.394444444444 0.0421875 0.126388888889
0 0.275 0.645833333333 0.05 0.166666666667
0 0.52578125 0.273611111111 0.05234375 0.145833333333
1 0.275 0.656944444444 0.03515625 0.161111111111
