1 0.5421875 0.338888888889 0.04140625 0.104166666667
0 0.49296875 0.434722222222 0.053125 0.152777777778
0 0.540625 0.373611111111 0.06171875 0.109722222222
0 0.46875 0.522222222222 0.040625 0.116666666667
0 0.3359375 0.372222222222 0.03671875 0.1625
1 0.559375 0.459722222222 0.04140625 0.119444444444
1 0.665625 0.506944444444 0.05546875 0.129166666667
0 0.70234375 0.184722222222 0.04921875 0.163888888889
1 0.75234375 0.320833333333 0.05625 0.134722222222
0 0.6796875 0.411111111111 0.0421875 0.113888888889
0 0.68671875 0.479166666667 0.0265625 0.104166666667
