1 0.0515625 0.401388888889 0.0453125 0.0958333333333
1 0.315625 0.369444444444 0.040625 0.111111111111
1 0.2609375 0.411111111111 0.04375 0.123611111111
1 0.5640625 0.520833333333 0.05234375 0.151388888889
1 0.49296875 0.768055555556 0.07890625 0.356944444444
0 0.13359375 0.319444444444 0.0390625 0.122222222222
0 0.20078125 0.405555555556 0.0453125 0.119444444444
0 0.56640625 0.513888888889 0.05546875 0.165277777778
0 0.3625 0.35 0.04296875 0.111111111111
0 0.49921875 0.5375 0.0328125 0.108333333333
0 0.5984375 0.572222222222 0.04921875 0.145833333333
0 0.12890625 0.65 0.04765625 0.158333333333
0 0.48828125 0.419444444444 0.04140625 0.113888888889
