1 0.0328125 0.384722222222 0.05234375 0.111111111111
1 0.1875 0.295833333333 0.0546875 0.111111111111
1 0.49609375 0.418055555556 0.04375 0.123611111111
1 0.5859375 0.483333333333 0.05546875 0.122222222222
1 0.6453125 0.565277777778 0.06328125 0.152777777778
0 0.0984375 0.263888888889 0.0390625 0.122222222222
0 0.15703125 0.366666666667 0.04765625 0.125
0 0.68046875 0.538888888889 0.04453125 0.116666666667
0 0.24921875 0.263888888889 0.04765625 0.122222222222
0 0.51484375 0.502777777778 0.04140625 0.1375
0 0.55 0.479166666667 0.0421875 0.126388888889
0 0.19296875 0.606944444444 0.0453125 0.151388888889
0 0.421875 0.359722222222 0.05 0.138888888889
1 0.14921875 0.602777777778 0.02421875 0.169444444444
