1 0.24296875 0.325 0.040625 0.0875
1 0.4546875 0.411111111111 0.040625 0.104166666667
1 0.45390625 0.477777777778 0.04609375 0.129166666667
1 0.6140625 0.469444444444 0.04296875 0.125
1 0.5578125 0.886111111111 0.06484375 0.197222222222
0 0.25078125 0.301388888889 0.03203125 0.106944444444
0 0.209375 0.429166666667 0.04296875 0.113888888889
0 0.77109375 0.523611111111 0.053125 0.156944444444
0 0.46953125 0.384722222222 0.04296875 0.0916666666667
0 0.51015625 0.584722222222 0.0390625 0.130555555556
0 0.6546875 0.697222222222 0.0625 0.186111111111
0 0.34375 0.720833333333 0.05546875 0.183333333333
0 0.5328125 0.444444444444 0.0421875 0.131944444444
