0 0.54765625 0.418055555556 0.05546875 0.126388888889
1 0.5546875 0.358333333333 0.02734375 0.129166666667
1 0.52578125 0.468055555556 0.03125 0.163888888889
0 0.5671875 0.390277777778 0.03125 0.159722222222
0 0.53203125 0.379166666667 0.0390625 0.145833333333
0 0.2890625 0.388888888889 0.05703125 0.152777777778
1 0.346875 0.459722222222 0.04140625 0.1
0 0.93828125 0.361111111111 0.028125 0.138888888889
1 0.83515625 0.427777777778 0.03125 0.101388888889
0 0.91171875 0.469444444444 0.03359375 0.143055555556
