1 0.15 0.444444444444 0.053125 0.133333333333
0 0.18359375 0.522222222222 0.0625 0.134722222222
0 0.25234375 0.0 0.0609375 0.108333333333
0 0.6171875 -0.0277777777778 0.03046875 0.0902777777778
1 0.40546875 -0.00138888888889 0.03125 0.0777777777778
0 0.27734375 0.463888888889 0.04296875 0.123611111111
0 0.38046875 0.734722222222 0.0640625 0.145833333333
1 0.64921875 0.263888888889 0.0421875 0.159722222222
1 0.53828125 0.591666666667 0.03671875 0.138888888889
0 0.41171875 0.763888888889 0.025 0.129166666667
