1 0.125 0.3625 0.04296875 0.0916666666667
1 0.4125 0.351388888889 0.06328125 0.1625
1 0.315625 0.425 0.04375 0.123611111111
1 0.60703125 0.511111111111 0.04765625 0.1375
1 0.4765625 0.823611111111 0.10078125 0.305555555556
0 0.178125 0.293055555556 0.0390625 0.129166666667
0 0.19765625 0.365277777778 0.05234375 0.138888888889
0 0.625 0.5 0.0484375 0.141666666667
0 0.440625 0.366666666667 0.05234375 0.111111111111
0 0.45234375 0.509722222222 0.0359375 0.119444444444
0 0.6390625 0.583333333333 0.0625 0.186111111111
0 0.19140625 0.663888888889 0.05234375 0.175
0 0.515625 0.438888888889 0.05390625 0.168055555556
