1 0.2953125 0.297222222222 0.0390625 0.0833333333333
1 0.434375 0.366666666667 0.040625 0.104166666667
1 0.48203125 0.495833333333 0.04140625 0.118055555556
1 0.62421875 0.434722222222 0.0453125 0.130555555556
1 0.5453125 0.811111111111 0.06171875 0.1875
0 0.27578125 0.270833333333 0.03203125 0.106944444444
0 0.21484375 0.375 0.0453125 0.119444444444
0 0.78671875 0.515277777778 0.053125 0.156944444444
0 0.45390625 0.333333333333 0.04296875 0.0916666666667
0 0.50390625 0.595833333333 0.0390625 0.130555555556
0 0.621875 0.672222222222 0.059375 0.177777777778
0 0.39140625 0.722222222222 0.05 0.166666666667
0 0.58515625 0.419444444444 0.03359375 0.102777777778
