1 0.20234375 0.336111111111 0.04296875 0.0916666666667
1 0.4671875 0.413888888889 0.04765625 0.120833333333
1 0.41484375 0.473611111111 0.04609375 0.129166666667
1 0.59296875 0.495833333333 0.0453125 0.130555555556
1 0.53046875 0.916666666667 0.075 0.227777777778
0 0.22265625 0.302777777778 0.0390625 0.129166666667
0 0.203125 0.445833333333 0.04296875 0.113888888889
0 0.71875 0.5 0.053125 0.156944444444
0 0.47265625 0.386111111111 0.05 0.105555555556
0 0.4953125 0.548611111111 0.04375 0.144444444444
0 0.665625 0.679166666667 0.06875 0.205555555556
0 0.2953125 0.718055555556 0.0578125 0.193055555556
0 0.53046875 0.456944444444 0.0421875 0.131944444444
