1 0.1625 0.3375 0.0453125 0.0958333333333
1 0.34453125 0.248611111111 0.02734375 0.0958333333333
1 0.49921875 0.418055555556 0.0390625 0.1125
1 0.7109375 0.4 0.0609375 0.134722222222
1 0.6046875 0.576388888889 0.06015625 0.144444444444
0 0.2359375 0.195833333333 0.03046875 0.0958333333333
0 0.29609375 0.316666666667 0.040625 0.104166666667
0 0.834375 0.556944444444 0.05703125 0.148611111111
0 0.3984375 0.194444444444 0.03515625 0.0916666666667
0 0.5625 0.451388888889 0.0375 0.125
0 0.81015625 0.395833333333 0.0421875 0.126388888889
0 0.30390625 0.631944444444 0.04765625 0.158333333333
0 0.52734375 0.2875 0.04296875 0.119444444444
1 0.30546875 0.652777777778 0.03203125 0.145833333333
