1 0.2265625 0.394444444444 0.06171875 0.154166666667
0 0.26015625 0.509722222222 0.059375 0.129166666667
0 0.23359375 0.00138888888889 0.0546875 0.0972222222222
0 0.57109375 0.0166666666667 0.03515625 0.104166666667
1 0.31328125 0.0763888888889 0.0421875 0.102777777778
0 0.23359375 0.395833333333 0.04765625 0.136111111111
0 0.35546875 0.702777777778 0.0671875 0.152777777778
1 0.5609375 0.295833333333 0.040625 0.151388888889
1 0.5921875 0.6125 0.03515625 0.131944444444
0 0.3015625 0.755555555556 0.03046875 0.156944444444
