1 0.0328125 0.363888888889 0.05234375 0.111111111111
1 0.1875 0.277777777778 0.0546875 0.111111111111
1 0.503125 0.404166666667 0.04375 0.123611111111
1 0.59453125 0.455555555556 0.05859375 0.127777777778
1 0.6734375 0.540277777778 0.06328125 0.152777777778
0 0.0984375 0.238888888889 0.0390625 0.122222222222
0 0.159375 0.344444444444 0.04765625 0.125
0 0.6890625 0.501388888889 0.04921875 0.127777777778
0 0.246875 0.240277777778 0.04765625 0.122222222222
0 0.51015625 0.483333333333 0.04140625 0.1375
0 0.56328125 0.465277777778 0.03984375 0.120833333333
0 0.2359375 0.591666666667 0.04296875 0.144444444444
0 0.42578125 0.340277777778 0.05 0.138888888889
1 0.18671875 0.584722222222 0.02421875 0.169444444444
