1 0.25703125 0.323611111111 0.0390625 0.0833333333333
1 0.45078125 0.397222222222 0.040625 0.104166666667
1 0.46171875 0.480555555556 0.04609375 0.129166666667
1 0.61796875 0.461111111111 0.04296875 0.125
1 0.56484375 0.891666666667 0.05859375 0.179166666667
0 0.25859375 0.297222222222 0.03203125 0.106944444444
0 0.21171875 0.416666666667 0.0453125 0.119444444444
0 0.778125 0.523611111111 0.053125 0.156944444444
0 0.46640625 0.379166666667 0.04140625 0.0875
0 0.5109375 0.586111111111 0.0390625 0.130555555556
0 0.64921875 0.690277777778 0.0625 0.186111111111
0 0.35703125 0.726388888889 0.05234375 0.175
0 0.5390625 0.438888888889 0.0421875 0.131944444444
