1 0.05859375 0.390277777778 0.04375 0.109722222222
1 0.23046875 0.234722222222 0.03515625 0.101388888889
0 0.18671875 0.369444444444 0.05390625 0.116666666667
0 0.4328125 0.425 0.05234375 0.148611111111
0 0.4484375 0.255555555556 0.04140625 0.106944444444
1 0.59765625 0.255555555556 0.03203125 0.0777777777778
0 0.6109375 0.2875 0.01875 0.0541666666667
0 0.62734375 0.383333333333 0.03203125 0.0944444444444
0 0.7875 0.2375 0.04375 0.118055555556
1 0.89453125 0.216666666667 0.0359375 0.108333333333
1 0.89609375 0.3 0.0328125 0.0930555555556
1 0.85 0.466666666667 0.0390625 0.143055555556
1 0.5234375 0.384722222222 0.0421875 0.102777777778
0 0.69765625 0.511111111111 0.04296875 0.123611111111
0 0.93203125 0.561111111111 0.0484375 0.136111111111
