0 0.184375 0.270833333333 0.0390625 0.1375
1 0.3796875 0.356944444444 0.03984375 0.141666666667
0 0.415625 0.373611111111 0.0390625 0.131944444444
0 0.6546875 0.641666666667 0.0546875 0.219444444444
0 0.76171875 0.311111111111 0.034375 0.0944444444444
0 0.8375 0.3625 0.05390625 0.119444444444
1 0.95390625 0.338888888889 0.06015625 0.148611111111
1 0.9375 0.490277777778 0.0625 0.156944444444
1 0.7390625 0.2625 0.025 0.0555555555556
0 0.25546875 0.352777777778 0.02890625 0.130555555556
1 0.16953125 0.259722222222 0.0234375 0.0902777777778
1 0.1 0.495833333333 0.034375 0.180555555556
