1 0.18203125 0.275 0.04609375 0.115277777778
0 0.1984375 0.234722222222 0.0515625 0.111111111111
0 0.40859375 -0.00138888888889 0.0578125 0.102777777778
0 0.621875 -0.0583333333333 0.03515625 0.104166666667
1 0.54609375 -0.0388888888889 0.0359375 0.0888888888889
0 0.47734375 0.269444444444 0.0390625 0.1125
0 0.66875 0.369444444444 0.05 0.113888888889
1 0.76796875 0.133333333333 0.040625 0.151388888889
1 0.85234375 0.463888888889 0.04921875 0.184722222222
0 0.91640625 0.509722222222 0.0234375 0.123611111111
