1 0.04921875 0.381944444444 0.03984375 0.1
1 0.21796875 0.229166666667 0.03515625 0.101388888889
0 0.17734375 0.365277777778 0.05390625 0.116666666667
0 0.41484375 0.447222222222 0.04765625 0.134722222222
0 0.43203125 0.243055555556 0.04140625 0.106944444444
1 0.58203125 0.25 0.03359375 0.0819444444444
0 0.61015625 0.293055555556 0.01875 0.0541666666667
0 0.653125 0.373611111111 0.03046875 0.0902777777778
0 0.7828125 0.243055555556 0.04609375 0.123611111111
1 0.88515625 0.215277777778 0.0359375 0.108333333333
1 0.8828125 0.301388888889 0.0328125 0.0930555555556
1 0.821875 0.466666666667 0.040625 0.15
1 0.54921875 0.393055555556 0.04375 0.108333333333
0 0.68203125 0.516666666667 0.04296875 0.123611111111
0 0.92890625 0.556944444444 0.05078125 0.143055555556
