0 0.48671875 0.420833333333 0.0640625 0.145833333333
1 0.5875 0.372222222222 0.03359375 0.155555555556
1 0.5609375 0.447222222222 0.034375 0.180555555556
0 0.49453125 0.4 0.0328125 0.166666666667
0 0.49453125 0.384722222222 0.04453125 0.168055555556
0 0.334375 0.384722222222 0.05625 0.152777777778
1 0.4765625 0.451388888889 0.04296875 0.105555555556
0 0.890625 0.3625 0.0265625 0.131944444444
1 0.79609375 0.419444444444 0.0296875 0.0972222222222
0 0.7625 0.475 0.03359375 0.143055555556
0 0.8234375 0.430555555556 0.03515625 0.145833333333
