1 0.04609375 0.381944444444 0.03984375 0.1
1 0.2140625 0.226388888889 0.03515625 0.101388888889
0 0.17421875 0.366666666667 0.05390625 0.116666666667
0 0.41171875 0.452777777778 0.04765625 0.134722222222
0 0.42734375 0.247222222222 0.04140625 0.106944444444
1 0.57734375 0.25 0.03359375 0.0819444444444
0 0.61171875 0.293055555556 0.01875 0.0541666666667
0 0.659375 0.376388888889 0.03046875 0.0902777777778
0 0.78046875 0.244444444444 0.04375 0.118055555556
1 0.884375 0.216666666667 0.0359375 0.108333333333
1 0.878125 0.3 0.0328125 0.0930555555556
1 0.81484375 0.463888888889 0.040625 0.15
1 0.55703125 0.397222222222 0.04375 0.108333333333
0 0.67421875 0.518055555556 0.04296875 0.123611111111
0 0.9265625 0.561111111111 0.05078125 0.143055555556
