1 0.1359375 0.338888888889 0.05078125 0.126388888889
0 0.19375 0.366666666667 0.059375 0.129166666667
0 0.33203125 0.0 0.0609375 0.108333333333
0 0.6109375 -0.0513888888889 0.03046875 0.0902777777778
1 0.4734375 -0.0375 0.0328125 0.0805555555556
0 0.35234375 0.395833333333 0.0375 0.106944444444
0 0.4984375 0.540277777778 0.05546875 0.125
1 0.67890625 0.173611111111 0.04453125 0.166666666667
1 0.59921875 0.586111111111 0.0515625 0.194444444444
0 0.63671875 0.651388888889 0.0234375 0.123611111111
