1 0.0359375 0.397222222222 0.05 0.106944444444
1 0.19609375 0.313888888889 0.0546875 0.111111111111
1 0.48125 0.426388888889 0.04140625 0.118055555556
1 0.52890625 0.486111111111 0.0703125 0.202777777778
1 0.609375 0.606944444444 0.06640625 0.159722222222
0 0.1046875 0.277777777778 0.04140625 0.129166666667
0 0.1625 0.384722222222 0.04765625 0.125
0 0.66171875 0.520833333333 0.06171875 0.181944444444
0 0.25703125 0.284722222222 0.04765625 0.122222222222
0 0.528125 0.511111111111 0.04140625 0.1375
0 0.66796875 0.548611111111 0.0421875 0.126388888889
0 0.165625 0.6125 0.04765625 0.158333333333
0 0.47734375 0.406944444444 0.05 0.138888888889
1 0.11484375 0.616666666667 0.0265625 0.186111111111
