1 0.5921875 0.240277777778 0.046875 0.147222222222
0 0.265625 0.211111111111 0.0828125 0.180555555556
0 0.61875 0.222222222222 0.04296875 0.126388888889
1 0.36171875 0.00833333333333 0.04609375 0.113888888889
0 0.3703125 0.348611111111 0.0453125 0.129166666667
0 0.55625 0.368055555556 0.05546875 0.125
1 0.64921875 0.177777777778 0.0515625 0.193055555556
0 0.33125 0.473611111111 0.03671875 0.190277777778
0 0.415625 0.179166666667 0.05859375 0.0986111111111
0 0.4546875 0.313888888889 0.06015625 0.169444444444
