1 0.14140625 0.331944444444 0.0453125 0.0958333333333
1 0.32734375 0.2375 0.028125 0.101388888889
1 0.50546875 0.393055555556 0.0390625 0.1125
1 0.7140625 0.397222222222 0.0640625 0.141666666667
1 0.64453125 0.541666666667 0.05703125 0.1375
0 0.2296875 0.193055555556 0.03046875 0.0958333333333
0 0.278125 0.302777777778 0.0453125 0.115277777778
0 0.8359375 0.540277777778 0.05703125 0.148611111111
0 0.3734375 0.191666666667 0.03515625 0.0916666666667
0 0.56328125 0.4375 0.0390625 0.130555555556
0 0.77109375 0.394444444444 0.0421875 0.126388888889
0 0.33828125 0.625 0.04296875 0.144444444444
0 0.5203125 0.2875 0.04296875 0.119444444444
1 0.321875 0.627777777778 0.03359375 0.152777777778
