0 0.53046875 0.438888888889 0.0671875 0.154166666667
1 0.57109375 0.355555555556 0.04765625 0.219444444444
1 0.50625 0.481944444444 0.0328125 0.172222222222
0 0.54609375 0.409722222222 0.0375 0.193055555556
0 0.5421875 0.401388888889 0.04453125 0.168055555556
0 0.3703125 0.4125 0.06484375 0.176388888889
1 0.50546875 0.469444444444 0.0640625 0.155555555556
0 0.8765625 0.358333333333 0.028125 0.138888888889
1 0.7453125 0.448611111111 0.0359375 0.118055555556
0 0.3921875 0.384722222222 0.040625 0.173611111111
0 0.54921875 0.440277777778 0.03515625 0.145833333333
0 0.33671875 0.508333333333 0.04765625 0.0930555555556
0 0.80234375 0.8 0.0625 0.198611111111
1 0.47578125 0.643055555556 0.0546875 0.209722222222
1 0.6546875 0.529166666667 0.0421875 0.151388888889
1 0.209375 0.529166666667 0.05859375 0.156944444444
