1 0.11953125 0.331944444444 0.04765625 0.101388888889
1 0.3 0.233333333333 0.0296875 0.105555555556
1 0.50625 0.381944444444 0.04375 0.123611111111
1 0.709375 0.397222222222 0.0671875 0.148611111111
1 0.671875 0.516666666667 0.05703125 0.1375
0 0.21328125 0.195833333333 0.03046875 0.0958333333333
0 0.25546875 0.305555555556 0.0453125 0.115277777778
0 0.828125 0.515277777778 0.05703125 0.148611111111
0 0.346875 0.188888888889 0.0375 0.0958333333333
0 0.5578125 0.445833333333 0.0390625 0.130555555556
0 0.7171875 0.394444444444 0.04921875 0.145833333333
0 0.353125 0.619444444444 0.04296875 0.144444444444
0 0.50703125 0.294444444444 0.04140625 0.113888888889
1 0.33125 0.613888888889 0.03203125 0.145833333333
