0 0.2265625 0.273611111111 0.040625 0.144444444444
1 0.44765625 0.347222222222 0.03984375 0.141666666667
0 0.46171875 0.366666666667 0.0390625 0.131944444444
0 0.709375 0.638888888889 0.0609375 0.241666666667
0 0.81953125 0.315277777778 0.0328125 0.0902777777778
0 0.8796875 0.366666666667 0.05390625 0.119444444444
1 0.78203125 0.265277777778 0.025 0.0555555555556
0 0.34921875 0.354166666667 0.02734375 0.125
1 0.21640625 0.259722222222 0.02578125 0.0986111111111
1 0.1671875 0.494444444444 0.034375 0.180555555556
0 0.02109375 0.440277777778 0.0296875 0.151388888889
