1 0.1703125 0.345833333333 0.04296875 0.0916666666667
1 0.4609375 0.372222222222 0.0546875 0.140277777778
1 0.3671875 0.436111111111 0.04609375 0.129166666667
1 0.596875 0.505555555556 0.04140625 0.118055555556
1 0.4984375 0.870833333333 0.09609375 0.290277777778
0 0.2125 0.320833333333 0.03359375 0.111111111111
0 0.203125 0.418055555556 0.05 0.131944444444
0 0.65859375 0.488888888889 0.053125 0.156944444444
0 0.4640625 0.3875 0.05 0.105555555556
0 0.4734375 0.513888888889 0.0390625 0.130555555556
0 0.6703125 0.643055555556 0.065625 0.195833333333
0 0.24609375 0.690277777778 0.05546875 0.183333333333
0 0.5390625 0.454166666667 0.0421875 0.131944444444
