1 0.4359375 0.330555555556 0.075 0.1875
0 0.28515625 0.269444444444 0.075 0.163888888889
0 0.56328125 0.0916666666667 0.0453125 0.133333333333
1 0.3390625 0.0722222222222 0.04609375 0.113888888889
0 0.4 0.390277777778 0.0390625 0.1125
0 0.52734375 0.456944444444 0.05234375 0.119444444444
1 0.61640625 0.206944444444 0.04453125 0.166666666667
1 0.5296875 0.427777777778 0.0546875 0.204166666667
0 0.3171875 0.505555555556 0.03359375 0.173611111111
0 0.4265625 0.0833333333333 0.05859375 0.0986111111111
