1 0.06640625 0.376388888889 0.0453125 0.0958333333333
1 0.34375 0.363888888889 0.0390625 0.1375
1 0.2640625 0.415277777778 0.04140625 0.118055555556
1 0.58125 0.513888888889 0.05 0.144444444444
1 0.46875 0.794444444444 0.06796875 0.308333333333
0 0.13515625 0.3 0.0453125 0.15
0 0.18203125 0.394444444444 0.0453125 0.119444444444
0 0.59921875 0.509722222222 0.04609375 0.136111111111
0 0.38125 0.352777777778 0.05234375 0.111111111111
0 0.45390625 0.516666666667 0.0328125 0.108333333333
0 0.60234375 0.552777777778 0.059375 0.177777777778
0 0.1359375 0.661111111111 0.05 0.166666666667
0 0.48828125 0.443055555556 0.04453125 0.111111111111
