1 0.0484375 0.405555555556 0.0453125 0.0958333333333
1 0.2359375 0.333333333333 0.0546875 0.148611111111
1 0.39921875 0.408333333333 0.03984375 0.1125
1 0.56015625 0.523611111111 0.0640625 0.183333333333
1 0.60078125 0.6625 0.04921875 0.180555555556
0 0.1359375 0.297222222222 0.0390625 0.122222222222
0 0.2125 0.395833333333 0.0453125 0.119444444444
0 0.5703125 0.511111111111 0.075 0.220833333333
0 0.30234375 0.309722222222 0.04765625 0.122222222222
0 0.54140625 0.533333333333 0.04140625 0.1375
0 0.59375 0.541666666667 0.05390625 0.161111111111
0 0.16328125 0.601388888889 0.04765625 0.158333333333
0 0.434375 0.401388888889 0.04765625 0.131944444444
1 0.0109375 0.675 0.0296875 0.205555555556
