0 0.51640625 0.438888888889 0.0671875 0.154166666667
1 0.59296875 0.35 0.0453125 0.209722222222
1 0.51796875 0.480555555556 0.0328125 0.172222222222
0 0.534375 0.409722222222 0.0359375 0.184722222222
0 0.528125 0.405555555556 0.04296875 0.159722222222
0 0.37109375 0.4125 0.06171875 0.168055555556
1 0.5078125 0.470833333333 0.0640625 0.155555555556
0 0.86953125 0.3625 0.028125 0.138888888889
1 0.7515625 0.444444444444 0.0359375 0.118055555556
0 0.38828125 0.380555555556 0.040625 0.173611111111
0 0.5703125 0.430555555556 0.03515625 0.145833333333
0 0.3453125 0.5125 0.0453125 0.0888888888889
0 0.7890625 0.780555555556 0.06875 0.219444444444
1 0.54453125 0.655555555556 0.05234375 0.2
1 0.72421875 0.525 0.046875 0.166666666667
1 0.28046875 0.519444444444 0.05859375 0.156944444444
