0 0.48671875 0.422222222222 0.0640625 0.145833333333
1 0.58671875 0.372222222222 0.03359375 0.155555555556
1 0.56015625 0.448611111111 0.034375 0.180555555556
0 0.49609375 0.402777777778 0.0328125 0.166666666667
0 0.4921875 0.390277777778 0.04453125 0.168055555556
0 0.33515625 0.384722222222 0.05625 0.152777777778
1 0.47265625 0.451388888889 0.04296875 0.105555555556
0 0.89140625 0.363888888889 0.025 0.125
1 0.79453125 0.418055555556 0.0296875 0.0972222222222
0 0.76640625 0.470833333333 0.03359375 0.143055555556
0 0.82890625 0.429166666667 0.03515625 0.145833333333
