1 0.05234375 0.398611111111 0.0453125 0.0958333333333
1 0.31875 0.375 0.040625 0.144444444444
1 0.25625 0.415277777778 0.04375 0.123611111111
1 0.56640625 0.522222222222 0.05234375 0.151388888889
1 0.4828125 0.765277777778 0.07890625 0.356944444444
0 0.13125 0.268055555556 0.05234375 0.173611111111
0 0.19375 0.402777777778 0.0453125 0.119444444444
0 0.56953125 0.513888888889 0.053125 0.156944444444
0 0.359375 0.345833333333 0.05234375 0.111111111111
0 0.4828125 0.529166666667 0.0328125 0.108333333333
0 0.5984375 0.576388888889 0.0515625 0.154166666667
0 0.12734375 0.647222222222 0.04765625 0.158333333333
0 0.4765625 0.445833333333 0.0515625 0.129166666667
