0 0.503125 0.441666666667 0.0671875 0.154166666667
1 0.625 0.363888888889 0.04296875 0.2
1 0.54296875 0.476388888889 0.03125 0.163888888889
0 0.51484375 0.415277777778 0.0359375 0.184722222222
0 0.51328125 0.408333333333 0.040625 0.152777777778
0 0.36796875 0.401388888889 0.06875 0.186111111111
1 0.51640625 0.472222222222 0.0640625 0.155555555556
0 0.871875 0.376388888889 0.02421875 0.119444444444
1 0.77578125 0.441666666667 0.034375 0.1125
0 0.3875 0.436111111111 0.03671875 0.158333333333
0 0.5828125 0.431944444444 0.03515625 0.145833333333
0 0.38515625 0.525 0.040625 0.0805555555556
0 0.7859375 0.768055555556 0.071875 0.230555555556
1 0.68828125 0.702777777778 0.05 0.190277777778
1 0.86796875 0.527777777778 0.04453125 0.158333333333
