1 0.16875 0.3375 0.0453125 0.0958333333333
1 0.34921875 0.247222222222 0.028125 0.101388888889
1 0.49375 0.420833333333 0.0390625 0.1125
1 0.70390625 0.405555555556 0.0609375 0.134722222222
1 0.578125 0.581944444444 0.06328125 0.152777777778
0 0.23125 0.184722222222 0.03046875 0.0958333333333
0 0.29921875 0.316666666667 0.040625 0.104166666667
0 0.83203125 0.570833333333 0.05390625 0.141666666667
0 0.409375 0.191666666667 0.03515625 0.0916666666667
0 0.55859375 0.454166666667 0.0375 0.125
0 0.8296875 0.393055555556 0.0421875 0.126388888889
0 0.28046875 0.640277777778 0.05 0.166666666667
0 0.52734375 0.276388888889 0.05234375 0.145833333333
1 0.2828125 0.654166666667 0.03203125 0.145833333333
