1 0.403125 0.347222222222 0.07109375 0.179166666667
0 0.29296875 0.272222222222 0.06875 0.148611111111
0 0.55859375 0.0444444444444 0.04296875 0.126388888889
1 0.3328125 0.0708333333333 0.04609375 0.113888888889
0 0.4 0.386111111111 0.04296875 0.123611111111
0 0.4984375 0.465277777778 0.05546875 0.125
1 0.6109375 0.211111111111 0.04453125 0.166666666667
1 0.49609375 0.401388888889 0.06640625 0.248611111111
0 0.30078125 0.513888888889 0.03359375 0.173611111111
0 0.41875 0.0333333333333 0.05859375 0.0986111111111
