0 0.51640625 0.438888888889 0.0671875 0.154166666667
1 0.59765625 0.351388888889 0.0453125 0.209722222222
1 0.51953125 0.480555555556 0.0328125 0.172222222222
0 0.5328125 0.408333333333 0.0359375 0.184722222222
0 0.52734375 0.402777777778 0.04296875 0.159722222222
0 0.36875 0.406944444444 0.06484375 0.176388888889
1 0.5078125 0.472222222222 0.0640625 0.155555555556
0 0.86953125 0.361111111111 0.028125 0.138888888889
1 0.753125 0.445833333333 0.0359375 0.118055555556
0 0.3890625 0.380555555556 0.040625 0.173611111111
0 0.57109375 0.431944444444 0.03515625 0.145833333333
0 0.3484375 0.5125 0.0453125 0.0888888888889
0 0.78984375 0.779166666667 0.06875 0.219444444444
1 0.5515625 0.654166666667 0.0546875 0.209722222222
1 0.73515625 0.520833333333 0.046875 0.166666666667
