1 0.04609375 0.370833333333 0.0359375 0.0902777777778
1 0.20703125 0.227777777778 0.03515625 0.101388888889
0 0.1625 0.366666666667 0.05390625 0.116666666667
0 0.40234375 0.456944444444 0.0453125 0.127777777778
0 0.4140625 0.248611111111 0.04140625 0.106944444444
1 0.5671875 0.244444444444 0.03359375 0.0819444444444
0 0.615625 0.288888888889 0.021875 0.0625
0 0.67734375 0.358333333333 0.03203125 0.0944444444444
0 0.77421875 0.233333333333 0.04375 0.118055555556
1 0.8703125 0.213888888889 0.0359375 0.108333333333
1 0.8609375 0.297222222222 0.034375 0.0972222222222
1 0.78515625 0.466666666667 0.0390625 0.143055555556
1 0.58359375 0.397222222222 0.04609375 0.113888888889
0 0.65234375 0.518055555556 0.04296875 0.123611111111
0 0.92109375 0.563888888889 0.0484375 0.136111111111
