0 0.478125 0.434722222222 0.0640625 0.145833333333
1 0.6296875 0.363888888889 0.03671875 0.172222222222
1 0.5546875 0.466666666667 0.0328125 0.172222222222
0 0.48046875 0.415277777778 0.0328125 0.166666666667
0 0.48046875 0.408333333333 0.03671875 0.138888888889
0 0.36328125 0.391666666667 0.059375 0.159722222222
1 0.528125 0.465277777778 0.0609375 0.148611111111
0 0.87109375 0.376388888889 0.0265625 0.131944444444
1 0.82734375 0.419444444444 0.0359375 0.118055555556
0 0.53046875 0.455555555556 0.03203125 0.136111111111
0 0.63671875 0.429166666667 0.03359375 0.138888888889
0 0.43125 0.493055555556 0.040625 0.0805555555556
0 0.8578125 0.780555555556 0.06875 0.219444444444
1 0.94765625 0.7375 0.05234375 0.2
