1 0.053125 0.341666666667 0.05 0.106944444444
1 0.2078125 0.248611111111 0.0546875 0.111111111111
1 0.496875 0.395833333333 0.04140625 0.118055555556
1 0.62734375 0.423611111111 0.05859375 0.127777777778
1 0.690625 0.515277777778 0.05703125 0.1375
0 0.12578125 0.213888888889 0.0390625 0.122222222222
0 0.17734375 0.301388888889 0.05234375 0.138888888889
0 0.753125 0.511111111111 0.046875 0.122222222222
0 0.2671875 0.215277777778 0.04296875 0.111111111111
0 0.51484375 0.454166666667 0.0390625 0.130555555556
0 0.61171875 0.425 0.03984375 0.120833333333
0 0.32421875 0.588888888889 0.04296875 0.144444444444
0 0.4421875 0.316666666667 0.04296875 0.119444444444
1 0.27890625 0.576388888889 0.0234375 0.161111111111
