1 0.04609375 0.340277777778 0.05234375 0.111111111111
1 0.20390625 0.252777777778 0.0546875 0.111111111111
1 0.49765625 0.394444444444 0.04140625 0.118055555556
1 0.6203125 0.425 0.05859375 0.127777777778
1 0.6890625 0.508333333333 0.05703125 0.1375
0 0.1171875 0.216666666667 0.0390625 0.122222222222
0 0.171875 0.302777777778 0.05234375 0.138888888889
0 0.7390625 0.515277777778 0.046875 0.122222222222
0 0.26015625 0.213888888889 0.0453125 0.116666666667
0 0.51015625 0.458333333333 0.0390625 0.130555555556
0 0.6 0.425 0.0421875 0.126388888889
0 0.3125 0.583333333333 0.04296875 0.144444444444
0 0.4375 0.318055555556 0.0453125 0.126388888889
1 0.26875 0.577777777778 0.0234375 0.161111111111
