1 0.54296875 0.338888888889 0.04140625 0.104166666667
0 0.4921875 0.434722222222 0.053125 0.152777777778
0 0.54296875 0.377777777778 0.05859375 0.104166666667
0 0.4671875 0.520833333333 0.040625 0.116666666667
0 0.3359375 0.368055555556 0.03671875 0.1625
1 0.5578125 0.451388888889 0.04140625 0.119444444444
1 0.66796875 0.509722222222 0.05546875 0.129166666667
0 0.70390625 0.183333333333 0.04921875 0.163888888889
1 0.75234375 0.316666666667 0.05625 0.134722222222
0 0.68671875 0.411111111111 0.040625 0.108333333333
0 0.69140625 0.483333333333 0.0265625 0.104166666667
