1 0.16796875 0.3 0.05078125 0.126388888889
0 0.20859375 0.273611111111 0.05390625 0.116666666667
0 0.38125 -0.025 0.0609375 0.108333333333
0 0.61484375 -0.0527777777778 0.03359375 0.0986111111111
1 0.51796875 -0.0402777777778 0.034375 0.0847222222222
0 0.41015625 0.315277777778 0.0390625 0.1125
0 0.584375 0.422222222222 0.05234375 0.119444444444
1 0.7203125 0.123611111111 0.040625 0.151388888889
1 0.7296875 0.502777777778 0.04921875 0.184722222222
0 0.796875 0.561111111111 0.0234375 0.123611111111
