0 0.07265625 0.275 0.0390625 0.1375
1 0.21171875 0.359722222222 0.04375 0.155555555556
0 0.30546875 0.398611111111 0.0375 0.125
0 0.52734375 0.644444444444 0.05234375 0.208333333333
0 0.63125 0.302777777778 0.034375 0.0944444444444
0 0.73515625 0.365277777778 0.0515625 0.113888888889
0 0.9671875 0.395833333333 0.06171875 0.159722222222
1 0.8296875 0.343055555556 0.06015625 0.148611111111
1 0.80078125 0.481944444444 0.06875 0.173611111111
1 0.62734375 0.259722222222 0.025 0.0555555555556
0 0.034375 0.369444444444 0.03046875 0.1375
1 0.0609375 0.2625 0.02421875 0.0944444444444
