1 0.56015625 0.222222222222 0.0515625 0.1625
0 0.26484375 0.220833333333 0.075 0.163888888889
0 0.60859375 0.198611111111 0.04296875 0.126388888889
1 0.36953125 0.0111111111111 0.04609375 0.113888888889
0 0.384375 0.341666666667 0.04296875 0.123611111111
0 0.559375 0.348611111111 0.05546875 0.125
1 0.65546875 0.179166666667 0.046875 0.175
0 0.3421875 0.473611111111 0.03515625 0.181944444444
0 0.428125 0.158333333333 0.05859375 0.0986111111111
0 0.46640625 0.319444444444 0.05703125 0.161111111111
