1 0.03828125 0.347222222222 0.05234375 0.111111111111
1 0.19296875 0.265277777778 0.0546875 0.111111111111
1 0.50390625 0.394444444444 0.04375 0.123611111111
1 0.60390625 0.4375 0.0609375 0.134722222222
1 0.6859375 0.5 0.06953125 0.168055555556
0 0.10390625 0.227777777778 0.0390625 0.122222222222
0 0.16328125 0.327777777778 0.04765625 0.125
0 0.6953125 0.494444444444 0.05390625 0.141666666667
0 0.25078125 0.225 0.04765625 0.122222222222
0 0.509375 0.470833333333 0.04140625 0.1375
0 0.57421875 0.436111111111 0.0421875 0.126388888889
0 0.26796875 0.588888888889 0.04296875 0.144444444444
0 0.428125 0.319444444444 0.05234375 0.145833333333
1 0.221875 0.573611111111 0.0234375 0.161111111111
