0 0.0984375 0.270833333333 0.0390625 0.1375
1 0.253125 0.354166666667 0.04375 0.155555555556
0 0.32890625 0.391666666667 0.0390625 0.131944444444
0 0.5578125 0.643055555556 0.05 0.198611111111
0 0.66171875 0.302777777778 0.034375 0.0944444444444
0 0.7609375 0.359722222222 0.0515625 0.113888888889
0 0.934375 0.413888888889 0.06484375 0.168055555556
1 0.86171875 0.345833333333 0.06015625 0.148611111111
1 0.83515625 0.476388888889 0.065625 0.165277777778
1 0.65390625 0.258333333333 0.025 0.0555555555556
0 0.08515625 0.363888888889 0.03046875 0.1375
1 0.0890625 0.258333333333 0.02421875 0.0944444444444
