0 0.615625 0.302777777778 0.0390625 0.1375
1 0.94140625 0.354166666667 0.04375 0.155555555556
0 0.97890625 0.390277777778 0.04296875 0.145833333333
0 0.9453125 0.365277777778 0.021875 0.0972222222222
1 0.58828125 0.268055555556 0.034375 0.133333333333
1 0.64296875 0.545833333333 0.0359375 0.188888888889
0 0.53203125 0.4375 0.028125 0.144444444444
0 0.39453125 0.563888888889 0.040625 0.152777777778
0 0.2078125 0.679166666667 0.05546875 0.168055555556
1 0.20078125 0.651388888889 0.0671875 0.163888888889
