0 0.74609375 0.302777777778 0.04296875 0.151388888889
1 0.95703125 0.270833333333 0.04140625 0.148611111111
0 0.95546875 0.4625 0.04296875 0.145833333333
0 0.97265625 0.305555555556 0.021875 0.0972222222222
1 0.70546875 0.291666666667 0.034375 0.133333333333
1 0.784375 0.538888888889 0.0328125 0.172222222222
0 0.67890625 0.431944444444 0.028125 0.144444444444
0 0.49609375 0.523611111111 0.040625 0.152777777778
0 0.31328125 0.611111111111 0.0703125 0.213888888889
1 0.3109375 0.6 0.0609375 0.148611111111
