1 0.09921875 0.326388888889 0.05 0.106944444444
1 0.2703125 0.231944444444 0.0296875 0.105555555556
1 0.503125 0.383333333333 0.04375 0.123611111111
1 0.678125 0.4 0.0671875 0.148611111111
1 0.68046875 0.5125 0.06015625 0.144444444444
0 0.18671875 0.2 0.03046875 0.0958333333333
0 0.228125 0.318055555556 0.04296875 0.109722222222
0 0.81171875 0.502777777778 0.05390625 0.141666666667
0 0.32265625 0.193055555556 0.0390625 0.101388888889
0 0.54609375 0.444444444444 0.0390625 0.130555555556
0 0.6859375 0.418055555556 0.04453125 0.133333333333
0 0.353125 0.597222222222 0.04296875 0.144444444444
0 0.48671875 0.293055555556 0.04296875 0.119444444444
1 0.32109375 0.594444444444 0.03515625 0.161111111111
