0 0.54296875 0.406944444444 0.0609375 0.138888888889
1 0.57734375 0.390277777778 0.02890625 0.134722222222
1 0.53359375 0.455555555556 0.03125 0.163888888889
0 0.5546875 0.397222222222 0.0296875 0.151388888889
0 0.54375 0.386111111111 0.03515625 0.131944444444
0 0.328125 0.3875 0.05390625 0.145833333333
1 0.38359375 0.4625 0.04140625 0.1
0 0.9296875 0.352777777778 0.0265625 0.131944444444
1 0.81171875 0.419444444444 0.03125 0.101388888889
0 0.86328125 0.476388888889 0.03515625 0.15
0 0.96015625 0.434722222222 0.03359375 0.138888888889
