1 0.059375 0.391666666667 0.04375 0.109722222222
1 0.2328125 0.236111111111 0.03515625 0.101388888889
0 0.18671875 0.369444444444 0.05390625 0.116666666667
0 0.434375 0.426388888889 0.05234375 0.148611111111
0 0.4484375 0.255555555556 0.04140625 0.106944444444
1 0.59921875 0.252777777778 0.03203125 0.0777777777778
0 0.6109375 0.291666666667 0.01796875 0.0513888888889
0 0.625 0.384722222222 0.03203125 0.0944444444444
0 0.78828125 0.238888888889 0.04375 0.118055555556
1 0.89375 0.220833333333 0.034375 0.102777777778
1 0.89609375 0.298611111111 0.0328125 0.0930555555556
1 0.85234375 0.468055555556 0.0390625 0.143055555556
1 0.52109375 0.386111111111 0.0421875 0.102777777778
0 0.6984375 0.5125 0.04296875 0.123611111111
0 0.93125 0.559722222222 0.0484375 0.136111111111
