1 0.2015625 0.420833333333 0.05546875 0.140277777778
0 0.203125 0.55 0.059375 0.129166666667
0 0.20234375 0.00138888888889 0.0609375 0.108333333333
0 0.59453125 0.00138888888889 0.03203125 0.0944444444444
1 0.3546875 0.0111111111111 0.03828125 0.0930555555556
0 0.2296875 0.409722222222 0.0453125 0.129166666667
0 0.35625 0.716666666667 0.0640625 0.145833333333
1 0.60078125 0.276388888889 0.040625 0.151388888889
1 0.52734375 0.588888888889 0.040625 0.152777777778
0 0.32421875 0.786111111111 0.03046875 0.156944444444
