1 0.0515625 0.401388888889 0.0453125 0.0958333333333
1 0.25 0.340277777778 0.0515625 0.141666666667
1 0.38203125 0.406944444444 0.03984375 0.1125
1 0.5625 0.530555555556 0.0640625 0.183333333333
1 0.59765625 0.675 0.0546875 0.198611111111
0 0.13828125 0.305555555556 0.0390625 0.122222222222
0 0.221875 0.393055555556 0.0453125 0.119444444444
0 0.56875 0.515277777778 0.075 0.220833333333
0 0.31328125 0.318055555556 0.04296875 0.111111111111
0 0.54453125 0.531944444444 0.04375 0.144444444444
0 0.5828125 0.543055555556 0.05390625 0.161111111111
0 0.1625 0.604166666667 0.04765625 0.158333333333
0 0.44140625 0.4 0.04765625 0.131944444444
