1 0.05 0.4 0.0453125 0.0958333333333
1 0.315625 0.372222222222 0.040625 0.111111111111
1 0.2625 0.409722222222 0.04375 0.123611111111
1 0.5625 0.523611111111 0.05234375 0.151388888889
1 0.49921875 0.770833333333 0.07890625 0.356944444444
0 0.13515625 0.320833333333 0.0390625 0.122222222222
0 0.20390625 0.404166666667 0.0453125 0.119444444444
0 0.5640625 0.511111111111 0.05859375 0.173611111111
0 0.36328125 0.35 0.04296875 0.111111111111
0 0.5046875 0.541666666667 0.03125 0.102777777778
0 0.59609375 0.570833333333 0.04921875 0.145833333333
0 0.12890625 0.645833333333 0.04765625 0.158333333333
0 0.4875 0.423611111111 0.04140625 0.113888888889
