1 0.03515625 0.359722222222 0.05234375 0.111111111111
1 0.18984375 0.273611111111 0.0546875 0.111111111111
1 0.50546875 0.408333333333 0.04375 0.123611111111
1 0.596875 0.448611111111 0.0609375 0.134722222222
1 0.6765625 0.530555555556 0.06640625 0.159722222222
0 0.1 0.238888888889 0.0390625 0.122222222222
0 0.16171875 0.338888888889 0.04765625 0.125
0 0.69296875 0.498611111111 0.04921875 0.127777777778
0 0.24921875 0.2375 0.04765625 0.122222222222
0 0.509375 0.480555555556 0.04140625 0.1375
0 0.56796875 0.454166666667 0.03984375 0.120833333333
0 0.246875 0.590277777778 0.04296875 0.144444444444
0 0.42734375 0.330555555556 0.05234375 0.145833333333
1 0.19375 0.583333333333 0.0234375 0.161111111111
