1 0.1203125 0.3625 0.04296875 0.0916666666667
1 0.40546875 0.352777777778 0.06328125 0.1625
1 0.31171875 0.423611111111 0.04375 0.123611111111
1 0.6078125 0.511111111111 0.04765625 0.1375
1 0.47421875 0.818055555556 0.10078125 0.305555555556
0 0.17421875 0.295833333333 0.0390625 0.129166666667
0 0.19609375 0.369444444444 0.05 0.131944444444
0 0.621875 0.497222222222 0.05078125 0.15
0 0.4375 0.363888888889 0.05234375 0.111111111111
0 0.45234375 0.5125 0.0359375 0.119444444444
0 0.63828125 0.586111111111 0.059375 0.177777777778
0 0.1875 0.665277777778 0.05234375 0.175
0 0.5140625 0.440277777778 0.05390625 0.168055555556
