0 0.54921875 0.395833333333 0.05546875 0.126388888889
1 0.53828125 0.356944444444 0.03203125 0.148611111111
1 0.5296875 0.451388888889 0.03125 0.163888888889
0 0.55546875 0.376388888889 0.0296875 0.151388888889
0 0.4921875 0.380555555556 0.040625 0.152777777778
0 0.24765625 0.391666666667 0.05390625 0.145833333333
1 0.3140625 0.441666666667 0.04296875 0.105555555556
0 0.93828125 0.356944444444 0.0265625 0.131944444444
1 0.859375 0.409722222222 0.0328125 0.106944444444
0 0.95546875 0.483333333333 0.03359375 0.143055555556
