0 0.6859375 0.294444444444 0.04296875 0.151388888889
1 0.959375 0.266666666667 0.03984375 0.141666666667
0 0.9578125 0.430555555556 0.04140625 0.138888888889
0 0.95546875 0.297222222222 0.02421875 0.108333333333
1 0.653125 0.273611111111 0.03125 0.120833333333
1 0.71875 0.541666666667 0.034375 0.180555555556
0 0.60859375 0.434722222222 0.028125 0.144444444444
0 0.4484375 0.538888888889 0.040625 0.152777777778
0 0.27265625 0.651388888889 0.0578125 0.176388888889
1 0.26640625 0.638888888889 0.0609375 0.148611111111
