1 0.5671875 0.338888888889 0.04140625 0.104166666667
0 0.5046875 0.456944444444 0.053125 0.152777777778
0 0.56484375 0.380555555556 0.05859375 0.104166666667
0 0.49765625 0.501388888889 0.04921875 0.141666666667
0 0.35703125 0.383333333333 0.03515625 0.154166666667
1 0.6078125 0.476388888889 0.04140625 0.119444444444
1 0.67109375 0.529166666667 0.05859375 0.136111111111
0 0.7234375 0.201388888889 0.046875 0.155555555556
1 0.78359375 0.331944444444 0.05625 0.134722222222
0 0.659375 0.420833333333 0.0515625 0.1375
0 0.6625 0.502777777778 0.02734375 0.109722222222
