0 0.49140625 0.436111111111 0.0640625 0.145833333333
1 0.64140625 0.351388888889 0.04296875 0.2
1 0.54921875 0.472222222222 0.03125 0.163888888889
0 0.49921875 0.408333333333 0.0359375 0.184722222222
0 0.496875 0.409722222222 0.040625 0.152777777778
0 0.36953125 0.406944444444 0.06171875 0.168055555556
1 0.51875 0.475 0.0640625 0.155555555556
0 0.87890625 0.384722222222 0.02421875 0.119444444444
1 0.80390625 0.4375 0.034375 0.1125
0 0.45625 0.463888888889 0.03359375 0.143055555556
0 0.6046875 0.427777777778 0.03515625 0.145833333333
0 0.41796875 0.498611111111 0.040625 0.0805555555556
0 0.80859375 0.780555555556 0.06875 0.219444444444
1 0.8328125 0.711111111111 0.0609375 0.231944444444
