0 0.5203125 0.443055555556 0.0640625 0.145833333333
1 0.58125 0.369444444444 0.0453125 0.209722222222
1 0.51015625 0.481944444444 0.0328125 0.172222222222
0 0.5359375 0.4125 0.0359375 0.184722222222
0 0.53203125 0.401388888889 0.04296875 0.159722222222
0 0.36953125 0.406944444444 0.06484375 0.176388888889
1 0.50625 0.475 0.0640625 0.155555555556
0 0.8703125 0.358333333333 0.028125 0.138888888889
1 0.74765625 0.445833333333 0.0359375 0.118055555556
0 0.38984375 0.380555555556 0.040625 0.173611111111
0 0.56796875 0.430555555556 0.03515625 0.145833333333
0 0.33671875 0.508333333333 0.04765625 0.0930555555556
0 0.79296875 0.779166666667 0.06875 0.219444444444
1 0.51484375 0.658333333333 0.05234375 0.2
1 0.69453125 0.533333333333 0.04453125 0.158333333333
1 0.2546875 0.525 0.05859375 0.156944444444
