1 0.56640625 0.344444444444 0.04375 0.109722222222
0 0.5265625 0.4 0.05625 0.159722222222
0 0.5625 0.381944444444 0.06484375 0.115277777778
0 0.41484375 0.445833333333 0.0578125 0.163888888889
0 0.346875 0.370833333333 0.03359375 0.147222222222
1 0.52265625 0.452777777778 0.04140625 0.119444444444
1 0.67421875 0.490277777778 0.06796875 0.156944444444
0 0.76015625 0.166666666667 0.046875 0.155555555556
1 0.75390625 0.297222222222 0.06171875 0.148611111111
0 0.86171875 0.365277777778 0.04921875 0.130555555556
0 0.88515625 0.447222222222 0.02890625 0.115277777778
