1 0.52734375 0.248611111111 0.05390625 0.170833333333
0 0.2671875 0.240277777778 0.071875 0.155555555556
0 0.59296875 0.172222222222 0.0453125 0.133333333333
1 0.36796875 0.0166666666667 0.04609375 0.113888888889
0 0.390625 0.351388888889 0.04296875 0.123611111111
0 0.553125 0.379166666667 0.05546875 0.125
1 0.6453125 0.193055555556 0.046875 0.175
0 0.34140625 0.486111111111 0.03515625 0.181944444444
0 0.4296875 0.152777777778 0.05859375 0.0986111111111
0 0.46796875 0.329166666667 0.05703125 0.161111111111
