1 0.22265625 0.397222222222 0.06171875 0.154166666667
0 0.2546875 0.515277777778 0.059375 0.129166666667
0 0.23671875 0.00138888888889 0.0546875 0.0972222222222
0 0.5734375 0.0152777777778 0.03515625 0.104166666667
1 0.31640625 0.0722222222222 0.0421875 0.102777777778
0 0.23125 0.395833333333 0.04765625 0.136111111111
0 0.35703125 0.701388888889 0.0671875 0.152777777778
1 0.56171875 0.295833333333 0.040625 0.151388888889
1 0.58125 0.609722222222 0.03671875 0.138888888889
0 0.30234375 0.758333333333 0.03203125 0.165277777778
