0 0.50234375 0.447222222222 0.0640625 0.145833333333
1 0.63046875 0.361111111111 0.04296875 0.2
1 0.546875 0.477777777778 0.03125 0.163888888889
0 0.509375 0.415277777778 0.0359375 0.184722222222
0 0.51015625 0.409722222222 0.040625 0.152777777778
0 0.3640625 0.409722222222 0.06484375 0.176388888889
1 0.52265625 0.477777777778 0.0640625 0.155555555556
0 0.87421875 0.376388888889 0.02421875 0.119444444444
1 0.784375 0.438888888889 0.0328125 0.106944444444
0 0.40234375 0.461111111111 0.03203125 0.136111111111
0 0.58828125 0.429166666667 0.03515625 0.145833333333
0 0.40859375 0.522222222222 0.040625 0.0805555555556
0 0.78984375 0.780555555556 0.06875 0.219444444444
1 0.73125 0.711111111111 0.05234375 0.2
1 0.9046875 0.518055555556 0.04453125 0.158333333333
