0 0.484375 0.447222222222 0.0640625 0.145833333333
1 0.63828125 0.3625 0.0390625 0.180555555556
1 0.553125 0.461111111111 0.0328125 0.172222222222
0 0.4921875 0.429166666667 0.0328125 0.166666666667
0 0.4921875 0.436111111111 0.03515625 0.131944444444
0 0.36953125 0.408333333333 0.05625 0.152777777778
1 0.5328125 0.468055555556 0.0640625 0.155555555556
0 0.87734375 0.379166666667 0.025 0.125
1 0.8203125 0.430555555556 0.0359375 0.118055555556
0 0.49609375 0.455555555556 0.03203125 0.136111111111
0 0.62578125 0.433333333333 0.03203125 0.131944444444
0 0.434375 0.501388888889 0.040625 0.0805555555556
0 0.8296875 0.769444444444 0.071875 0.230555555556
1 0.90234375 0.719444444444 0.0578125 0.220833333333
