1 0.07265625 0.373611111111 0.0453125 0.0958333333333
1 0.35390625 0.366666666667 0.0390625 0.1375
1 0.26875 0.418055555556 0.04140625 0.118055555556
1 0.5875 0.509722222222 0.05 0.144444444444
1 0.471875 0.815277777778 0.06171875 0.279166666667
0 0.13984375 0.298611111111 0.04296875 0.143055555556
0 0.18125 0.393055555556 0.0453125 0.119444444444
0 0.60078125 0.502777777778 0.04609375 0.136111111111
0 0.38984375 0.345833333333 0.05 0.105555555556
0 0.45 0.5125 0.0328125 0.108333333333
0 0.6078125 0.566666666667 0.05625 0.169444444444
0 0.14296875 0.663888888889 0.05 0.166666666667
0 0.48984375 0.440277777778 0.046875 0.116666666667
