1 0.59609375 0.344444444444 0.04140625 0.104166666667
0 0.51953125 0.438888888889 0.05625 0.159722222222
0 0.58671875 0.375 0.06171875 0.109722222222
0 0.515625 0.5 0.046875 0.134722222222
0 0.36484375 0.3625 0.040625 0.177777777778
1 0.64140625 0.498611111111 0.04375 0.126388888889
1 0.6890625 0.526388888889 0.06171875 0.143055555556
0 0.74296875 0.201388888889 0.04453125 0.148611111111
1 0.7984375 0.336111111111 0.06171875 0.148611111111
0 0.64921875 0.419444444444 0.046875 0.125
0 0.634375 0.516666666667 0.03046875 0.120833333333
