1 0.19375 0.272222222222 0.04140625 0.104166666667
1 0.42265625 -0.00138888888889 0.04296875 0.123611111111
0 0.2671875 0.259722222222 0.046875 0.101388888889
0 0.53203125 0.143055555556 0.0546875 0.0972222222222
0 0.63671875 -0.00138888888889 0.04140625 0.106944444444
1 0.771875 0.00555555555556 0.03515625 0.0861111111111
0 0.7390625 0.0555555555556 0.02265625 0.0652777777778
0 0.70546875 0.138888888889 0.03203125 0.0944444444444
1 0.6609375 0.104166666667 0.03984375 0.0986111111111
0 0.775 0.326388888889 0.03359375 0.0972222222222
