1 0.13515625 0.358333333333 0.04296875 0.0916666666667
1 0.42265625 0.354166666667 0.06328125 0.1625
1 0.32421875 0.425 0.04375 0.123611111111
1 0.60546875 0.509722222222 0.04765625 0.1375
1 0.478125 0.825 0.10546875 0.320833333333
0 0.18671875 0.302777777778 0.03671875 0.123611111111
0 0.19375 0.4125 0.05234375 0.138888888889
0 0.62890625 0.495833333333 0.0484375 0.141666666667
0 0.44609375 0.363888888889 0.0546875 0.116666666667
0 0.45703125 0.502777777778 0.0359375 0.119444444444
0 0.64296875 0.594444444444 0.065625 0.195833333333
0 0.2015625 0.666666666667 0.05234375 0.175
0 0.52421875 0.447222222222 0.0515625 0.159722222222
