1 0.47421875 0.272222222222 0.078125 0.197222222222
0 0.2796875 0.2625 0.07890625 0.172222222222
0 0.5640625 0.0944444444444 0.0453125 0.133333333333
1 0.34375 0.0666666666667 0.04609375 0.113888888889
0 0.4 0.388888888889 0.040625 0.118055555556
0 0.53359375 0.445833333333 0.05234375 0.119444444444
1 0.6140625 0.205555555556 0.046875 0.175
1 0.5359375 0.427777777778 0.04921875 0.186111111111
0 0.3171875 0.497222222222 0.03515625 0.181944444444
0 0.4265625 0.0944444444444 0.05859375 0.0986111111111
