0 0.48203125 0.441666666667 0.0640625 0.145833333333
1 0.6375 0.354166666667 0.04296875 0.2
1 0.55234375 0.468055555556 0.03125 0.163888888889
0 0.48984375 0.422222222222 0.034375 0.175
0 0.4875 0.430555555556 0.0390625 0.145833333333
0 0.37109375 0.408333333333 0.05625 0.152777777778
1 0.53046875 0.472222222222 0.0640625 0.155555555556
0 0.8796875 0.380555555556 0.025 0.125
1 0.81640625 0.430555555556 0.0359375 0.118055555556
0 0.4890625 0.444444444444 0.03203125 0.136111111111
0 0.6171875 0.4375 0.03203125 0.131944444444
0 0.425 0.501388888889 0.040625 0.0805555555556
0 0.821875 0.768055555556 0.071875 0.230555555556
1 0.88359375 0.727777777778 0.0578125 0.220833333333
