1 0.1953125 0.276388888889 0.04140625 0.104166666667
1 0.4203125 0.0 0.04453125 0.129166666667
0 0.26875 0.265277777778 0.046875 0.101388888889
0 0.53359375 0.152777777778 0.05234375 0.0930555555556
0 0.63828125 0.00138888888889 0.04140625 0.106944444444
1 0.7734375 0.0138888888889 0.03515625 0.0861111111111
0 0.740625 0.0625 0.02265625 0.0652777777778
0 0.70625 0.145833333333 0.03203125 0.0944444444444
1 0.66171875 0.111111111111 0.03984375 0.0986111111111
0 0.778125 0.334722222222 0.03359375 0.0972222222222
