1 0.55234375 0.344444444444 0.04140625 0.104166666667
0 0.50546875 0.420833333333 0.053125 0.152777777778
0 0.54921875 0.376388888889 0.06484375 0.115277777778
0 0.43671875 0.491666666667 0.04921875 0.141666666667
0 0.34921875 0.384722222222 0.03203125 0.140277777778
1 0.55546875 0.444444444444 0.04140625 0.119444444444
1 0.67578125 0.511111111111 0.06171875 0.143055555556
0 0.7203125 0.168055555556 0.0515625 0.172222222222
1 0.7484375 0.316666666667 0.05625 0.134722222222
0 0.75703125 0.401388888889 0.040625 0.108333333333
0 0.771875 0.466666666667 0.02890625 0.115277777778
