1 0.071875 0.338888888889 0.05 0.106944444444
1 0.2359375 0.234722222222 0.0578125 0.116666666667
1 0.4984375 0.386111111111 0.04140625 0.118055555556
1 0.64921875 0.4125 0.0609375 0.134722222222
1 0.6890625 0.519444444444 0.0546875 0.131944444444
0 0.15390625 0.211111111111 0.034375 0.105555555556
0 0.19765625 0.291666666667 0.05234375 0.138888888889
0 0.7875 0.509722222222 0.04921875 0.127777777778
0 0.28984375 0.202777777778 0.04296875 0.111111111111
0 0.5296875 0.455555555556 0.0390625 0.130555555556
0 0.646875 0.416666666667 0.0421875 0.126388888889
0 0.34140625 0.595833333333 0.04296875 0.144444444444
0 0.46328125 0.308333333333 0.04140625 0.113888888889
1 0.30703125 0.584722222222 0.0234375 0.161111111111
