1 0.10546875 0.366666666667 0.0453125 0.0958333333333
1 0.3953125 0.365277777778 0.0390625 0.1375
1 0.296875 0.418055555556 0.04375 0.123611111111
1 0.60390625 0.513888888889 0.05 0.144444444444
1 0.48046875 0.8375 0.05859375 0.265277777778
0 0.1640625 0.3 0.0390625 0.129166666667
0 0.1890625 0.377777777778 0.05 0.131944444444
0 0.6125 0.491666666667 0.053125 0.156944444444
0 0.42265625 0.359722222222 0.05234375 0.111111111111
0 0.45234375 0.518055555556 0.0328125 0.108333333333
0 0.628125 0.581944444444 0.05625 0.169444444444
0 0.171875 0.665277777778 0.05546875 0.183333333333
0 0.5078125 0.433333333333 0.046875 0.116666666667
