1 0.31640625 0.270833333333 0.0390625 0.0833333333333
1 0.42265625 0.347222222222 0.04296875 0.109722222222
1 0.471875 0.486111111111 0.04375 0.123611111111
1 0.6125 0.413888888889 0.06484375 0.125
1 0.5296875 0.777777777778 0.06171875 0.1875
0 0.2859375 0.248611111111 0.03046875 0.101388888889
0 0.215625 0.366666666667 0.0453125 0.119444444444
0 0.78515625 0.498611111111 0.053125 0.156944444444
0 0.44765625 0.325 0.04296875 0.0916666666667
0 0.4875 0.590277777778 0.04140625 0.1375
0 0.60625 0.6625 0.059375 0.177777777778
0 0.3984375 0.719444444444 0.05 0.166666666667
