1 0.0703125 0.3375 0.05 0.106944444444
1 0.23203125 0.236111111111 0.0578125 0.116666666667
1 0.496875 0.3875 0.04140625 0.118055555556
1 0.64765625 0.416666666667 0.0609375 0.134722222222
1 0.68984375 0.520833333333 0.0546875 0.131944444444
0 0.15078125 0.2125 0.034375 0.105555555556
0 0.1953125 0.293055555556 0.05234375 0.138888888889
0 0.784375 0.508333333333 0.04921875 0.127777777778
0 0.28828125 0.204166666667 0.04296875 0.111111111111
0 0.528125 0.456944444444 0.0390625 0.130555555556
0 0.64296875 0.413888888889 0.0421875 0.126388888889
0 0.340625 0.594444444444 0.04296875 0.144444444444
0 0.4609375 0.309722222222 0.04140625 0.113888888889
1 0.30546875 0.586111111111 0.0234375 0.161111111111
