0 0.496875 0.419444444444 0.0609375 0.138888888889
1 0.5828125 0.377777777778 0.03203125 0.148611111111
1 0.5484375 0.448611111111 0.0328125 0.172222222222
0 0.5125 0.406944444444 0.02578125 0.130555555556
0 0.5078125 0.391666666667 0.0390625 0.145833333333
0 0.33828125 0.384722222222 0.05390625 0.145833333333
1 0.43671875 0.444444444444 0.04296875 0.105555555556
0 0.903125 0.359722222222 0.028125 0.138888888889
1 0.79453125 0.4125 0.0296875 0.0972222222222
0 0.796875 0.463888888889 0.03359375 0.143055555556
0 0.87421875 0.433333333333 0.03359375 0.138888888889
