0 0.746875 0.295833333333 0.04453125 0.159722222222
1 0.9578125 0.269444444444 0.04140625 0.148611111111
0 0.95625 0.479166666667 0.04296875 0.145833333333
0 0.978125 0.308333333333 0.0203125 0.0930555555556
1 0.7078125 0.293055555556 0.034375 0.133333333333
1 0.7890625 0.5375 0.0328125 0.172222222222
0 0.678125 0.430555555556 0.028125 0.144444444444
0 0.4984375 0.526388888889 0.0390625 0.144444444444
0 0.31328125 0.605555555556 0.0703125 0.213888888889
1 0.31328125 0.595833333333 0.0609375 0.148611111111
