0 0.4671875 0.416666666667 0.07421875 0.169444444444
1 0.59140625 0.372222222222 0.03359375 0.155555555556
1 0.5671875 0.463888888889 0.03125 0.163888888889
0 0.4640625 0.383333333333 0.04140625 0.213888888889
0 0.46796875 0.4 0.0390625 0.145833333333
0 0.3265625 0.375 0.05625 0.152777777778
1 0.490625 0.436111111111 0.05546875 0.134722222222
0 0.8625 0.352777777778 0.028125 0.138888888889
1 0.79921875 0.404166666667 0.034375 0.1125
0 0.64375 0.465277777778 0.02890625 0.123611111111
0 0.70859375 0.425 0.03515625 0.145833333333
