1 0.54609375 0.341666666667 0.04140625 0.104166666667
0 0.4984375 0.429166666667 0.053125 0.152777777778
0 0.5453125 0.377777777778 0.06171875 0.109722222222
0 0.45625 0.5125 0.0453125 0.127777777778
0 0.34296875 0.373611111111 0.03359375 0.147222222222
1 0.55078125 0.440277777778 0.04140625 0.119444444444
1 0.675 0.516666666667 0.05546875 0.129166666667
0 0.71171875 0.183333333333 0.04921875 0.163888888889
1 0.75078125 0.3125 0.05625 0.134722222222
0 0.72265625 0.4 0.040625 0.108333333333
0 0.728125 0.451388888889 0.02890625 0.115277777778
