0 0.06953125 0.752777777778 0.0828125 0.113888888889
0 0.33203125 0.576388888889 0.0703125 0.338888888889
0 0.38515625 0.569444444444 0.05078125 0.291666666667
1 0.4 0.533333333333 0.08125 0.377777777778
1 0.43671875 0.323611111111 0.1453125 0.866666666667
1 0.55078125 0.575 0.046875 0.270833333333
1 0.5359375 0.5375 0.07109375 0.363888888889
1 0.5546875 0.572222222222 0.0453125 0.240277777778
0 0.21875 0.601388888889 0.0609375 0.263888888889
1 0.79140625 0.401388888889 0.05234375 0.431944444444
