0 0.50078125 0.416666666667 0.0609375 0.138888888889
1 0.58125 0.379166666667 0.03203125 0.148611111111
1 0.5453125 0.451388888889 0.0328125 0.172222222222
0 0.51875 0.4 0.0265625 0.1375
0 0.515625 0.383333333333 0.0390625 0.145833333333
0 0.3390625 0.390277777778 0.05390625 0.145833333333
1 0.42734375 0.443055555556 0.04296875 0.105555555556
0 0.90546875 0.3625 0.028125 0.138888888889
1 0.7953125 0.411111111111 0.0296875 0.0972222222222
0 0.8078125 0.461111111111 0.03359375 0.143055555556
0 0.8875 0.431944444444 0.03203125 0.131944444444
