1 0.16796875 0.340277777778 0.0453125 0.0958333333333
1 0.3484375 0.244444444444 0.028125 0.101388888889
1 0.496875 0.413888888889 0.0390625 0.1125
1 0.7078125 0.402777777778 0.0609375 0.134722222222
1 0.58828125 0.579166666667 0.06328125 0.152777777778
0 0.23515625 0.191666666667 0.03046875 0.0958333333333
0 0.29765625 0.318055555556 0.040625 0.104166666667
0 0.83125 0.552777777778 0.05703125 0.148611111111
0 0.40390625 0.193055555556 0.03515625 0.0916666666667
0 0.5609375 0.455555555556 0.0375 0.125
0 0.821875 0.386111111111 0.0421875 0.126388888889
0 0.2921875 0.640277777778 0.04765625 0.158333333333
0 0.5265625 0.280555555556 0.05 0.138888888889
1 0.29375 0.654166666667 0.03203125 0.145833333333
