1 0.2546875 0.388888888889 0.06171875 0.154166666667
0 0.28046875 0.455555555556 0.05625 0.122222222222
0 0.22890625 0.0 0.0578125 0.102777777778
0 0.55859375 0.0305555555556 0.03515625 0.104166666667
1 0.303125 0.1 0.04609375 0.113888888889
0 0.26171875 0.391666666667 0.05 0.143055555556
0 0.37578125 0.697222222222 0.0640625 0.145833333333
1 0.578125 0.313888888889 0.040625 0.151388888889
1 0.4875 0.591666666667 0.03515625 0.131944444444
0 0.2953125 0.706944444444 0.03359375 0.173611111111
0 0.40859375 0.00555555555556 0.053125 0.0888888888889
