0 0.50078125 0.440277777778 0.0671875 0.154166666667
1 0.628125 0.3625 0.04296875 0.2
1 0.5453125 0.477777777778 0.03125 0.163888888889
0 0.51171875 0.413888888889 0.0359375 0.184722222222
0 0.5109375 0.406944444444 0.04296875 0.159722222222
0 0.36640625 0.408333333333 0.06484375 0.176388888889
1 0.51875 0.473611111111 0.0640625 0.155555555556
0 0.8734375 0.377777777778 0.02421875 0.119444444444
1 0.78125 0.440277777778 0.0328125 0.106944444444
0 0.396875 0.4625 0.03359375 0.143055555556
0 0.5859375 0.430555555556 0.03515625 0.145833333333
0 0.3984375 0.523611111111 0.040625 0.0805555555556
0 0.7875 0.769444444444 0.071875 0.230555555556
1 0.7125 0.705555555556 0.05234375 0.2
1 0.88984375 0.520833333333 0.04453125 0.158333333333
