1 0.046875 0.398611111111 0.0453125 0.0958333333333
1 0.3 0.373611111111 0.04453125 0.122222222222
1 0.29375 0.384722222222 0.04609375 0.129166666667
1 0.55 0.5375 0.0546875 0.158333333333
1 0.55703125 0.752777777778 0.05703125 0.208333333333
0 0.14609375 0.319444444444 0.0390625 0.122222222222
0 0.23515625 0.4 0.0453125 0.119444444444
0 0.55625 0.522222222222 0.06796875 0.2
0 0.35390625 0.344444444444 0.04296875 0.111111111111
0 0.53828125 0.531944444444 0.034375 0.1125
0 0.59140625 0.5625 0.04921875 0.145833333333
0 0.1390625 0.627777777778 0.04765625 0.158333333333
0 0.4796875 0.405555555556 0.04375 0.119444444444
