1 0.17734375 0.276388888889 0.0484375 0.120833333333
0 0.2078125 0.247222222222 0.0515625 0.111111111111
0 0.3953125 -0.0347222222222 0.0609375 0.108333333333
0 0.61484375 -0.0527777777778 0.03359375 0.0986111111111
1 0.53515625 -0.0347222222222 0.0328125 0.0805555555556
0 0.440625 0.280555555556 0.0390625 0.1125
0 0.61875 0.3875 0.05234375 0.119444444444
1 0.73984375 0.116666666667 0.040625 0.151388888889
1 0.790625 0.483333333333 0.046875 0.176388888889
0 0.8578125 0.531944444444 0.02265625 0.116666666667
