1 0.1359375 0.341666666667 0.0453125 0.0958333333333
1 0.3203125 0.227777777778 0.0296875 0.105555555556
1 0.50546875 0.391666666667 0.04375 0.123611111111
1 0.7203125 0.405555555556 0.0609375 0.134722222222
1 0.65078125 0.530555555556 0.06015625 0.144444444444
0 0.228125 0.193055555556 0.03046875 0.0958333333333
0 0.271875 0.301388888889 0.0453125 0.115277777778
0 0.83515625 0.526388888889 0.05703125 0.148611111111
0 0.365625 0.1875 0.0375 0.0958333333333
0 0.5625 0.438888888889 0.0390625 0.130555555556
0 0.75859375 0.391666666667 0.0421875 0.126388888889
0 0.34453125 0.623611111111 0.04296875 0.144444444444
0 0.5171875 0.286111111111 0.04296875 0.119444444444
1 0.32578125 0.622222222222 0.03359375 0.152777777778
