1 0.1515625 0.334722222222 0.0453125 0.0958333333333
1 0.33671875 0.247222222222 0.02734375 0.0958333333333
1 0.50234375 0.411111111111 0.0390625 0.1125
1 0.71328125 0.397222222222 0.0640625 0.141666666667
1 0.63125 0.551388888889 0.05703125 0.1375
0 0.234375 0.198611111111 0.03046875 0.0958333333333
0 0.28515625 0.309722222222 0.0453125 0.115277777778
0 0.8359375 0.545833333333 0.05703125 0.148611111111
0 0.3828125 0.194444444444 0.03515625 0.0916666666667
0 0.56484375 0.447222222222 0.0390625 0.130555555556
0 0.78828125 0.397222222222 0.0421875 0.126388888889
0 0.3265625 0.634722222222 0.04296875 0.144444444444
0 0.525 0.290277777778 0.04140625 0.113888888889
1 0.3171875 0.631944444444 0.03359375 0.152777777778
