1 0.39453125 0.340277777778 0.06171875 0.154166666667
0 0.2953125 0.277777777778 0.06484375 0.141666666667
0 0.55546875 0.0291666666667 0.040625 0.120833333333
1 0.3265625 0.0722222222222 0.04609375 0.113888888889
0 0.378125 0.358333333333 0.05234375 0.15
0 0.48125 0.469444444444 0.05546875 0.125
1 0.60546875 0.219444444444 0.04453125 0.166666666667
1 0.48359375 0.326388888889 0.0734375 0.273611111111
0 0.29921875 0.529166666667 0.02734375 0.143055555556
0 0.4140625 0.0166666666667 0.05859375 0.0986111111111
