1 0.21484375 0.570833333333 0.0546875 0.170833333333
1 0.29609375 0.445833333333 0.04140625 0.123611111111
1 0.50234375 0.413888888889 0.0421875 0.143055555556
1 0.665625 0.381944444444 0.04140625 0.129166666667
1 0.88125 0.563888888889 0.05625 0.161111111111
0 0.36953125 0.402777777778 0.0375 0.119444444444
0 0.3953125 0.445833333333 0.04453125 0.127777777778
0 0.540625 0.290277777778 0.0359375 0.101388888889
0 0.5828125 0.501388888889 0.0390625 0.118055555556
0 0.621875 0.595833333333 0.0421875 0.144444444444
0 0.6953125 0.347222222222 0.03203125 0.102777777778
0 0.82421875 0.4 0.0421875 0.145833333333
0 0.96640625 0.495833333333 0.03359375 0.136111111111
