1 0.04765625 0.398611111111 0.0453125 0.0958333333333
1 0.30078125 0.370833333333 0.046875 0.129166666667
1 0.30078125 0.4 0.04375 0.123611111111
1 0.546875 0.533333333333 0.0578125 0.166666666667
1 0.56796875 0.748611111111 0.0546875 0.198611111111
0 0.14765625 0.316666666667 0.0390625 0.122222222222
0 0.2359375 0.397222222222 0.0453125 0.119444444444
0 0.5453125 0.515277777778 0.06796875 0.2
0 0.3515625 0.341666666667 0.04296875 0.111111111111
0 0.53984375 0.519444444444 0.034375 0.1125
0 0.58828125 0.559722222222 0.04921875 0.145833333333
0 0.14296875 0.626388888889 0.04765625 0.158333333333
0 0.4765625 0.404166666667 0.04375 0.119444444444
