1 0.15703125 0.3375 0.0453125 0.0958333333333
1 0.34140625 0.247222222222 0.02734375 0.0958333333333
1 0.503125 0.418055555556 0.0390625 0.1125
1 0.7140625 0.401388888889 0.0609375 0.134722222222
1 0.61953125 0.556944444444 0.06015625 0.144444444444
0 0.23515625 0.197222222222 0.03046875 0.0958333333333
0 0.2921875 0.313888888889 0.040625 0.104166666667
0 0.83515625 0.555555555556 0.05703125 0.148611111111
0 0.3890625 0.194444444444 0.03515625 0.0916666666667
0 0.56484375 0.445833333333 0.0390625 0.130555555556
0 0.79921875 0.398611111111 0.0421875 0.126388888889
0 0.31953125 0.6375 0.04296875 0.144444444444
0 0.528125 0.293055555556 0.04140625 0.113888888889
1 0.3140625 0.643055555556 0.03203125 0.145833333333
