1 0.14609375 0.354166666667 0.04296875 0.0916666666667
1 0.4359375 0.358333333333 0.06328125 0.1625
1 0.33671875 0.427777777778 0.04609375 0.129166666667
1 0.6046875 0.508333333333 0.0453125 0.130555555556
1 0.484375 0.840277777778 0.10546875 0.320833333333
0 0.196875 0.306944444444 0.03515625 0.118055555556
0 0.19765625 0.413888888889 0.05234375 0.138888888889
0 0.63828125 0.493055555556 0.0484375 0.141666666667
0 0.45078125 0.373611111111 0.05234375 0.111111111111
0 0.4640625 0.506944444444 0.0359375 0.119444444444
0 0.653125 0.595833333333 0.0625 0.186111111111
0 0.21640625 0.672222222222 0.05234375 0.175
0 0.53125 0.45 0.046875 0.145833333333
