1 0.4890625 0.248611111111 0.0859375 0.218055555556
0 0.27265625 0.265277777778 0.071875 0.155555555556
0 0.5703125 0.169444444444 0.0453125 0.133333333333
1 0.3578125 0.0513888888889 0.04609375 0.113888888889
0 0.3921875 0.375 0.0453125 0.129166666667
0 0.5453125 0.409722222222 0.05546875 0.125
1 0.61953125 0.195833333333 0.04921875 0.184722222222
1 0.54140625 0.383333333333 0.06015625 0.225
0 0.3328125 0.505555555556 0.03671875 0.190277777778
0 0.42734375 0.151388888889 0.05859375 0.0986111111111
