1 0.16953125 0.338888888889 0.0453125 0.0958333333333
1 0.34921875 0.245833333333 0.028125 0.101388888889
1 0.4953125 0.413888888889 0.0390625 0.1125
1 0.70703125 0.404166666667 0.0609375 0.134722222222
1 0.58515625 0.580555555556 0.06328125 0.152777777778
0 0.23359375 0.1875 0.03046875 0.0958333333333
0 0.2984375 0.318055555556 0.040625 0.104166666667
0 0.83125 0.554166666667 0.05703125 0.148611111111
0 0.40546875 0.194444444444 0.03515625 0.0916666666667
0 0.56015625 0.454166666667 0.0375 0.125
0 0.8234375 0.388888888889 0.0421875 0.126388888889
0 0.2875 0.6375 0.05 0.166666666667
0 0.5265625 0.275 0.05234375 0.145833333333
1 0.29140625 0.655555555556 0.03046875 0.138888888889
