1 0.05234375 0.402777777778 0.0453125 0.0958333333333
1 0.28046875 0.352777777778 0.0515625 0.141666666667
1 0.346875 0.395833333333 0.03984375 0.1125
1 0.55 0.525 0.0640625 0.183333333333
1 0.59375 0.7 0.0515625 0.188888888889
0 0.14609375 0.308333333333 0.04140625 0.129166666667
0 0.23671875 0.394444444444 0.0453125 0.119444444444
0 0.55859375 0.5125 0.075 0.220833333333
0 0.33515625 0.330555555556 0.0453125 0.116666666667
0 0.546875 0.527777777778 0.0375 0.125
0 0.58203125 0.5375 0.05390625 0.161111111111
0 0.15625 0.611111111111 0.05 0.166666666667
0 0.45703125 0.401388888889 0.0453125 0.125
