1 0.12421875 0.406944444444 0.05078125 0.126388888889
0 0.18046875 0.454166666667 0.059375 0.129166666667
0 0.29375 -0.00138888888889 0.0609375 0.108333333333
0 0.61796875 -0.0486111111111 0.02890625 0.0861111111111
1 0.45 -0.0319444444444 0.0296875 0.0736111111111
0 0.3203125 0.463888888889 0.040625 0.118055555556
0 0.43046875 0.627777777778 0.0609375 0.138888888889
1 0.66953125 0.219444444444 0.040625 0.151388888889
1 0.5109375 0.6 0.04453125 0.168055555556
0 0.51015625 0.705555555556 0.02890625 0.15
