0 0.16171875 0.269444444444 0.040625 0.144444444444
1 0.34765625 0.358333333333 0.04140625 0.148611111111
0 0.390625 0.370833333333 0.04140625 0.138888888889
0 0.6265625 0.644444444444 0.0546875 0.219444444444
0 0.734375 0.305555555556 0.034375 0.0944444444444
0 0.81484375 0.365277777778 0.05390625 0.119444444444
1 0.93203125 0.343055555556 0.06015625 0.148611111111
1 0.91015625 0.486111111111 0.0625 0.156944444444
1 0.7171875 0.261111111111 0.025 0.0555555555556
0 0.20703125 0.354166666667 0.03046875 0.1375
1 0.15078125 0.259722222222 0.02421875 0.0944444444444
1 0.06484375 0.497222222222 0.034375 0.180555555556
