1 0.25 0.4 0.06171875 0.154166666667
0 0.27890625 0.468055555556 0.05625 0.122222222222
0 0.240625 0.0 0.0578125 0.102777777778
0 0.559375 0.0347222222222 0.03515625 0.104166666667
1 0.30078125 0.0986111111111 0.04609375 0.113888888889
0 0.25703125 0.401388888889 0.05 0.143055555556
0 0.3640625 0.705555555556 0.0640625 0.145833333333
1 0.57421875 0.3125 0.040625 0.151388888889
1 0.590625 0.608333333333 0.03515625 0.131944444444
0 0.296875 0.719444444444 0.03359375 0.173611111111
0 0.409375 0.00138888888889 0.053125 0.0888888888889
