1 0.225 0.397222222222 0.06171875 0.154166666667
0 0.2578125 0.5125 0.059375 0.129166666667
0 0.234375 0.00138888888889 0.0546875 0.0972222222222
0 0.57109375 0.0125 0.03515625 0.104166666667
1 0.3140625 0.0736111111111 0.0421875 0.102777777778
0 0.2328125 0.391666666667 0.04765625 0.136111111111
0 0.35546875 0.701388888889 0.0671875 0.152777777778
1 0.56015625 0.295833333333 0.040625 0.151388888889
1 0.5875 0.611111111111 0.03671875 0.138888888889
0 0.3015625 0.758333333333 0.03046875 0.156944444444
