1 0.15390625 0.440277777778 0.053125 0.133333333333
0 0.18359375 0.522222222222 0.0625 0.134722222222
0 0.2453125 0.00138888888889 0.0609375 0.108333333333
0 0.61796875 -0.00138888888889 0.03046875 0.0902777777778
1 0.3984375 -0.00138888888889 0.03125 0.0777777777778
0 0.2703125 0.4625 0.04296875 0.123611111111
0 0.3765625 0.752777777778 0.0609375 0.138888888889
1 0.64375 0.265277777778 0.0421875 0.159722222222
1 0.53671875 0.588888888889 0.03828125 0.145833333333
0 0.39453125 0.756944444444 0.025 0.129166666667
