1 0.05078125 0.408333333333 0.0453125 0.0958333333333
1 0.22421875 0.336111111111 0.0515625 0.141666666667
1 0.41953125 0.415277777778 0.03984375 0.1125
1 0.55078125 0.519444444444 0.0640625 0.183333333333
1 0.5984375 0.666666666667 0.0515625 0.188888888889
0 0.13046875 0.298611111111 0.0375 0.116666666667
0 0.20234375 0.388888888889 0.0453125 0.119444444444
0 0.584375 0.520833333333 0.06796875 0.2
0 0.290625 0.311111111111 0.04765625 0.122222222222
0 0.5390625 0.534722222222 0.04140625 0.1375
0 0.6078125 0.547222222222 0.04921875 0.145833333333
0 0.16328125 0.6 0.04765625 0.158333333333
0 0.43046875 0.405555555556 0.0453125 0.125
1 0.03671875 0.655555555556 0.0296875 0.205555555556
