1 0.1953125 0.341666666667 0.04296875 0.0916666666667
1 0.46953125 0.4 0.05 0.126388888889
1 0.40390625 0.4625 0.04609375 0.129166666667
1 0.590625 0.490277777778 0.0453125 0.130555555556
1 0.51875 0.909722222222 0.0828125 0.251388888889
0 0.2234375 0.3125 0.0390625 0.129166666667
0 0.20390625 0.438888888889 0.0453125 0.119444444444
0 0.7015625 0.497222222222 0.053125 0.156944444444
0 0.471875 0.384722222222 0.05 0.105555555556
0 0.48984375 0.543055555556 0.04375 0.144444444444
0 0.671875 0.676388888889 0.065625 0.195833333333
0 0.2859375 0.7125 0.05234375 0.175
0 0.53671875 0.459722222222 0.040625 0.125
