1 0.1546875 0.401388888889 0.0375 0.0944444444444
1 0.34140625 0.1875 0.03671875 0.106944444444
0 0.25859375 0.402777777778 0.046875 0.101388888889
0 0.490625 0.336111111111 0.05234375 0.0930555555556
0 0.56015625 0.206944444444 0.0390625 0.101388888889
1 0.70625 0.209722222222 0.03203125 0.0777777777778
0 0.68125 0.25 0.02109375 0.0597222222222
0 0.6375 0.331944444444 0.03046875 0.0902777777778
0 0.88671875 0.183333333333 0.04140625 0.1125
1 0.58046875 0.318055555556 0.0421875 0.102777777778
0 0.7640625 0.491666666667 0.03515625 0.101388888889
