1 0.125 0.429166666667 0.05078125 0.126388888889
0 0.1796875 0.465277777778 0.059375 0.129166666667
0 0.28671875 0.0 0.0609375 0.108333333333
0 0.61875 -0.0486111111111 0.02890625 0.0861111111111
1 0.44375 -0.0333333333333 0.0296875 0.0736111111111
0 0.3125 0.479166666667 0.040625 0.118055555556
0 0.41640625 0.638888888889 0.0640625 0.145833333333
1 0.66796875 0.226388888889 0.0421875 0.159722222222
1 0.54140625 0.568055555556 0.04453125 0.168055555556
0 0.4859375 0.731944444444 0.0265625 0.136111111111
