1 0.3 0.288888888889 0.0390625 0.0833333333333
1 0.4328125 0.363888888889 0.040625 0.104166666667
1 0.48046875 0.493055555556 0.04140625 0.118055555556
1 0.62578125 0.430555555556 0.0453125 0.130555555556
1 0.5390625 0.801388888889 0.06484375 0.197222222222
0 0.28046875 0.265277777778 0.03203125 0.106944444444
0 0.2140625 0.373611111111 0.0453125 0.119444444444
0 0.78671875 0.5125 0.053125 0.156944444444
0 0.45390625 0.329166666667 0.04296875 0.0916666666667
0 0.5 0.594444444444 0.0390625 0.130555555556
0 0.61640625 0.651388888889 0.059375 0.177777777778
0 0.3921875 0.716666666667 0.05 0.166666666667
0 0.59375 0.413888888889 0.03359375 0.102777777778
