1 0.0546875 0.334722222222 0.05 0.106944444444
1 0.2125 0.244444444444 0.0578125 0.116666666667
1 0.496875 0.390277777778 0.04140625 0.118055555556
1 0.634375 0.423611111111 0.05859375 0.127777777778
1 0.690625 0.513888888889 0.05703125 0.1375
0 0.13046875 0.2125 0.0390625 0.122222222222
0 0.18125 0.3 0.05234375 0.138888888889
0 0.76328125 0.511111111111 0.046875 0.122222222222
0 0.26953125 0.209722222222 0.04296875 0.111111111111
0 0.5171875 0.456944444444 0.0390625 0.130555555556
0 0.61640625 0.426388888889 0.03984375 0.120833333333
0 0.32734375 0.586111111111 0.04296875 0.144444444444
0 0.4453125 0.313888888889 0.04296875 0.119444444444
1 0.284375 0.580555555556 0.0234375 0.161111111111
