1 0.559375 0.344444444444 0.04140625 0.104166666667
0 0.51484375 0.420833333333 0.053125 0.152777777778
0 0.55703125 0.380555555556 0.06171875 0.109722222222
0 0.40625 0.461111111111 0.05234375 0.148611111111
0 0.346875 0.377777777778 0.03359375 0.147222222222
1 0.53984375 0.431944444444 0.04140625 0.119444444444
1 0.68359375 0.508333333333 0.06484375 0.15
0 0.734375 0.168055555556 0.046875 0.155555555556
1 0.75078125 0.313888888889 0.05625 0.134722222222
0 0.79765625 0.375 0.04453125 0.119444444444
0 0.821875 0.458333333333 0.02890625 0.115277777778
