0 0.471875 0.430555555556 0.0671875 0.154166666667
1 0.628125 0.381944444444 0.03359375 0.155555555556
1 0.55703125 0.476388888889 0.03125 0.163888888889
0 0.475 0.411111111111 0.034375 0.175
0 0.475 0.408333333333 0.0390625 0.145833333333
0 0.35625 0.394444444444 0.06171875 0.168055555556
1 0.53203125 0.468055555556 0.0578125 0.141666666667
0 0.86875 0.372222222222 0.0265625 0.131944444444
1 0.825 0.422222222222 0.0359375 0.118055555556
0 0.54296875 0.454166666667 0.02890625 0.123611111111
0 0.646875 0.425 0.03203125 0.131944444444
0 0.428125 0.498611111111 0.040625 0.0805555555556
0 0.8765625 0.768055555556 0.071875 0.230555555556
