0 0.4703125 0.291666666667 0.03671875 0.130555555556
1 0.80703125 0.358333333333 0.04609375 0.163888888889
0 0.80390625 0.359722222222 0.04765625 0.159722222222
0 0.75703125 0.3625 0.02265625 0.102777777778
1 0.4546875 0.275 0.0265625 0.104166666667
1 0.50703125 0.540277777778 0.034375 0.180555555556
0 0.36953125 0.438888888889 0.0296875 0.151388888889
0 0.25390625 0.572222222222 0.040625 0.152777777778
0 0.0796875 0.716666666667 0.0640625 0.194444444444
1 0.0640625 0.663888888889 0.07421875 0.180555555556
