0 0.471875 0.427777777778 0.0671875 0.154166666667
1 0.59375 0.373611111111 0.03359375 0.155555555556
1 0.5640625 0.466666666667 0.03125 0.163888888889
0 0.46171875 0.386111111111 0.04140625 0.213888888889
0 0.46484375 0.406944444444 0.0390625 0.145833333333
0 0.32421875 0.377777777778 0.05390625 0.145833333333
1 0.49296875 0.4375 0.05546875 0.134722222222
0 0.85859375 0.356944444444 0.028125 0.138888888889
1 0.80078125 0.398611111111 0.034375 0.1125
0 0.625 0.466666666667 0.02890625 0.123611111111
0 0.6921875 0.423611111111 0.03515625 0.145833333333
0 0.3859375 0.484722222222 0.04296875 0.0847222222222
