1 0.06953125 0.408333333333 0.04140625 0.104166666667
1 0.24609375 0.238888888889 0.03515625 0.101388888889
0 0.1984375 0.3875 0.04921875 0.105555555556
0 0.44140625 0.411111111111 0.0546875 0.155555555556
0 0.46015625 0.259722222222 0.04140625 0.106944444444
1 0.61015625 0.254166666667 0.03203125 0.0777777777778
0 0.609375 0.288888888889 0.02109375 0.0597222222222
0 0.60390625 0.381944444444 0.03203125 0.0944444444444
0 0.790625 0.234722222222 0.04609375 0.123611111111
1 0.89375 0.219444444444 0.0359375 0.108333333333
1 0.90390625 0.302777777778 0.0328125 0.0930555555556
1 0.8703125 0.463888888889 0.0390625 0.143055555556
1 0.50859375 0.380555555556 0.0421875 0.102777777778
0 0.70546875 0.516666666667 0.04296875 0.123611111111
0 0.9359375 0.55 0.05078125 0.143055555556
