1 0.06484375 0.3375 0.05 0.106944444444
1 0.2234375 0.236111111111 0.0578125 0.116666666667
1 0.49453125 0.384722222222 0.04140625 0.118055555556
1 0.64296875 0.420833333333 0.05859375 0.127777777778
1 0.6890625 0.513888888889 0.0546875 0.131944444444
0 0.1421875 0.213888888889 0.034375 0.105555555556
0 0.1890625 0.294444444444 0.05234375 0.138888888889
0 0.77734375 0.509722222222 0.046875 0.122222222222
0 0.2796875 0.204166666667 0.04296875 0.111111111111
0 0.52265625 0.454166666667 0.0390625 0.130555555556
0 0.63359375 0.419444444444 0.0421875 0.126388888889
0 0.3375 0.590277777778 0.04296875 0.144444444444
0 0.45546875 0.313888888889 0.04140625 0.113888888889
1 0.2984375 0.588888888889 0.0234375 0.161111111111
