1 0.2640625 0.322222222222 0.0390625 0.0833333333333
1 0.4484375 0.393055555556 0.04296875 0.109722222222
1 0.46875 0.4875 0.04609375 0.129166666667
1 0.61796875 0.458333333333 0.04296875 0.125
1 0.565625 0.886111111111 0.05859375 0.179166666667
0 0.2609375 0.298611111111 0.03203125 0.106944444444
0 0.21328125 0.409722222222 0.0453125 0.119444444444
0 0.78203125 0.526388888889 0.053125 0.156944444444
0 0.4625 0.359722222222 0.04296875 0.0916666666667
0 0.51015625 0.586111111111 0.0390625 0.130555555556
0 0.64375 0.684722222222 0.065625 0.195833333333
0 0.3640625 0.720833333333 0.05234375 0.175
0 0.54453125 0.436111111111 0.0421875 0.131944444444
