0 0.48671875 0.426388888889 0.0609375 0.138888888889
1 0.58671875 0.373611111111 0.03359375 0.155555555556
1 0.55859375 0.45 0.034375 0.180555555556
0 0.49609375 0.405555555556 0.0328125 0.166666666667
0 0.49296875 0.388888888889 0.04453125 0.168055555556
0 0.334375 0.384722222222 0.05625 0.152777777778
1 0.4671875 0.45 0.04296875 0.105555555556
0 0.89375 0.366666666667 0.025 0.125
1 0.79453125 0.420833333333 0.028125 0.0930555555556
0 0.7703125 0.470833333333 0.03359375 0.143055555556
0 0.834375 0.430555555556 0.03515625 0.145833333333
