0 0.6734375 0.3 0.040625 0.144444444444
1 0.9484375 0.291666666667 0.03984375 0.141666666667
0 0.94375 0.422222222222 0.04296875 0.145833333333
0 0.96640625 0.298611111111 0.02421875 0.108333333333
1 0.63828125 0.276388888889 0.0296875 0.115277777778
1 0.69921875 0.541666666667 0.034375 0.180555555556
0 0.5921875 0.434722222222 0.0296875 0.151388888889
0 0.43984375 0.554166666667 0.04296875 0.159722222222
0 0.25625 0.661111111111 0.05546875 0.168055555556
1 0.2515625 0.634722222222 0.0609375 0.148611111111
