1 0.115625 0.366666666667 0.04296875 0.0916666666667
1 0.40234375 0.361111111111 0.0390625 0.1375
1 0.30625 0.422222222222 0.04375 0.123611111111
1 0.60546875 0.508333333333 0.05 0.144444444444
1 0.48046875 0.8375 0.06171875 0.279166666667
0 0.171875 0.3 0.0390625 0.129166666667
0 0.19296875 0.373611111111 0.05 0.131944444444
0 0.6203125 0.495833333333 0.05078125 0.15
0 0.43359375 0.359722222222 0.05234375 0.111111111111
0 0.4515625 0.515277777778 0.0359375 0.119444444444
0 0.634375 0.586111111111 0.059375 0.177777777778
0 0.18046875 0.666666666667 0.05546875 0.183333333333
0 0.51015625 0.423611111111 0.046875 0.116666666667
