1 0.5515625 0.343055555556 0.04140625 0.104166666667
0 0.490625 0.452777777778 0.053125 0.152777777778
0 0.5484375 0.381944444444 0.06171875 0.109722222222
0 0.48203125 0.506944444444 0.0453125 0.127777777778
0 0.340625 0.383333333333 0.03515625 0.154166666667
1 0.58125 0.459722222222 0.04140625 0.119444444444
1 0.659375 0.516666666667 0.05859375 0.136111111111
0 0.7078125 0.190277777778 0.04921875 0.163888888889
1 0.76328125 0.329166666667 0.05625 0.134722222222
0 0.6625 0.420833333333 0.046875 0.125
0 0.66875 0.4875 0.02734375 0.109722222222
