0 0.47421875 0.426388888889 0.0671875 0.154166666667
1 0.58828125 0.369444444444 0.03203125 0.148611111111
1 0.5671875 0.459722222222 0.0328125 0.172222222222
0 0.4828125 0.404166666667 0.034375 0.175
0 0.50390625 0.393055555556 0.0390625 0.145833333333
0 0.3328125 0.381944444444 0.05390625 0.145833333333
1 0.4796875 0.438888888889 0.05 0.122222222222
0 0.88046875 0.356944444444 0.0265625 0.131944444444
1 0.7921875 0.394444444444 0.03125 0.101388888889
0 0.725 0.476388888889 0.03203125 0.136111111111
0 0.784375 0.423611111111 0.03671875 0.152777777778
