0 0.46640625 0.427777777778 0.0671875 0.154166666667
1 0.5984375 0.3625 0.03671875 0.172222222222
1 0.56484375 0.465277777778 0.03125 0.163888888889
0 0.4578125 0.383333333333 0.04140625 0.213888888889
0 0.45859375 0.394444444444 0.04296875 0.159722222222
0 0.346875 0.383333333333 0.059375 0.159722222222
1 0.5015625 0.451388888889 0.05234375 0.127777777778
0 0.85625 0.358333333333 0.028125 0.138888888889
1 0.80703125 0.408333333333 0.034375 0.1125
0 0.590625 0.454166666667 0.02734375 0.118055555556
0 0.66640625 0.433333333333 0.03359375 0.138888888889
0 0.40078125 0.493055555556 0.04296875 0.0847222222222
