1 0.15078125 0.441666666667 0.053125 0.133333333333
0 0.184375 0.522222222222 0.0625 0.134722222222
0 0.2484375 0.00138888888889 0.0609375 0.108333333333
0 0.61640625 -0.0263888888889 0.03046875 0.0902777777778
1 0.40234375 0.0 0.03125 0.0777777777778
0 0.27421875 0.461111111111 0.04296875 0.123611111111
0 0.37890625 0.738888888889 0.0640625 0.145833333333
1 0.64609375 0.265277777778 0.0421875 0.159722222222
1 0.5390625 0.590277777778 0.03671875 0.138888888889
0 0.40078125 0.756944444444 0.025 0.129166666667
