1 0.3203125 0.266666666667 0.0390625 0.0833333333333
1 0.4171875 0.343055555556 0.04296875 0.109722222222
1 0.46796875 0.479166666667 0.04375 0.123611111111
1 0.61875 0.408333333333 0.06484375 0.125
1 0.52578125 0.763888888889 0.06171875 0.1875
0 0.28828125 0.243055555556 0.03046875 0.101388888889
0 0.2171875 0.365277777778 0.0453125 0.119444444444
0 0.7828125 0.488888888889 0.053125 0.156944444444
0 0.44765625 0.309722222222 0.04296875 0.0916666666667
0 0.48359375 0.576388888889 0.04375 0.144444444444
0 0.6015625 0.654166666667 0.059375 0.177777777778
0 0.39921875 0.708333333333 0.05 0.166666666667
