1 0.55390625 0.344444444444 0.04140625 0.104166666667
0 0.50625 0.420833333333 0.053125 0.152777777778
0 0.55078125 0.377777777778 0.06484375 0.115277777778
0 0.4296875 0.486111111111 0.04921875 0.141666666667
0 0.34765625 0.380555555556 0.03359375 0.147222222222
1 0.5484375 0.436111111111 0.04140625 0.119444444444
1 0.6765625 0.505555555556 0.06484375 0.15
0 0.725 0.169444444444 0.04921875 0.163888888889
1 0.74921875 0.313888888889 0.05625 0.134722222222
0 0.771875 0.398611111111 0.040625 0.108333333333
0 0.7921875 0.461111111111 0.02890625 0.115277777778
