1 0.0765625 0.336111111111 0.05 0.106944444444
1 0.24296875 0.233333333333 0.0546875 0.111111111111
1 0.49921875 0.383333333333 0.04140625 0.118055555556
1 0.65703125 0.409722222222 0.0640625 0.141666666667
1 0.68828125 0.516666666667 0.05703125 0.1375
0 0.1609375 0.205555555556 0.034375 0.105555555556
0 0.20546875 0.2875 0.05234375 0.138888888889
0 0.7953125 0.513888888889 0.04921875 0.127777777778
0 0.29921875 0.2 0.040625 0.105555555556
0 0.53359375 0.452777777778 0.0390625 0.130555555556
0 0.659375 0.420833333333 0.0421875 0.126388888889
0 0.346875 0.605555555556 0.04296875 0.144444444444
0 0.4703125 0.305555555556 0.04140625 0.113888888889
1 0.31484375 0.583333333333 0.02421875 0.169444444444
