0 0.51484375 0.441666666667 0.0671875 0.154166666667
1 0.58671875 0.370833333333 0.0453125 0.209722222222
1 0.5125 0.481944444444 0.0328125 0.172222222222
0 0.53515625 0.4125 0.0359375 0.184722222222
0 0.53046875 0.402777777778 0.04296875 0.159722222222
0 0.36875 0.408333333333 0.06484375 0.176388888889
1 0.50625 0.470833333333 0.0640625 0.155555555556
0 0.86953125 0.359722222222 0.028125 0.138888888889
1 0.7484375 0.447222222222 0.0359375 0.118055555556
0 0.38984375 0.379166666667 0.040625 0.173611111111
0 0.56875 0.431944444444 0.03515625 0.145833333333
0 0.33671875 0.508333333333 0.04765625 0.0930555555556
0 0.79140625 0.780555555556 0.06875 0.219444444444
1 0.52109375 0.658333333333 0.05234375 0.2
1 0.70234375 0.533333333333 0.04453125 0.158333333333
1 0.2609375 0.527777777778 0.05546875 0.15
