1 0.0875 0.331944444444 0.05 0.106944444444
1 0.25703125 0.227777777778 0.03125 0.111111111111
1 0.50078125 0.393055555556 0.04140625 0.118055555556
1 0.66796875 0.398611111111 0.0671875 0.148611111111
1 0.6828125 0.513888888889 0.06015625 0.144444444444
0 0.175 0.2 0.03203125 0.101388888889
0 0.2171875 0.313888888889 0.04296875 0.109722222222
0 0.80546875 0.508333333333 0.0515625 0.134722222222
0 0.31171875 0.198611111111 0.0390625 0.101388888889
0 0.540625 0.443055555556 0.0390625 0.130555555556
0 0.675 0.425 0.0421875 0.126388888889
0 0.34921875 0.586111111111 0.04296875 0.144444444444
0 0.4796875 0.302777777778 0.04140625 0.113888888889
1 0.3125 0.598611111111 0.03515625 0.161111111111
