0 0.23359375 0.276388888889 0.0390625 0.1375
1 0.45546875 0.347222222222 0.03984375 0.141666666667
0 0.46953125 0.366666666667 0.0390625 0.131944444444
0 0.7171875 0.638888888889 0.0609375 0.241666666667
0 0.8265625 0.313888888889 0.034375 0.0944444444444
0 0.88671875 0.366666666667 0.05390625 0.119444444444
1 0.7890625 0.268055555556 0.025 0.0555555555556
0 0.359375 0.354166666667 0.02890625 0.130555555556
1 0.21796875 0.258333333333 0.0265625 0.104166666667
1 0.17734375 0.497222222222 0.034375 0.180555555556
0 0.03125 0.444444444444 0.028125 0.144444444444
