0 0.55234375 0.397222222222 0.05546875 0.126388888889
1 0.5421875 0.368055555556 0.02890625 0.134722222222
1 0.52578125 0.444444444444 0.0328125 0.172222222222
0 0.55859375 0.380555555556 0.0296875 0.151388888889
0 0.50625 0.375 0.040625 0.152777777778
0 0.2578125 0.393055555556 0.05390625 0.145833333333
1 0.325 0.447222222222 0.04140625 0.1
0 0.93828125 0.358333333333 0.0265625 0.131944444444
1 0.85234375 0.413888888889 0.0328125 0.106944444444
0 0.94375 0.494444444444 0.03203125 0.136111111111
