1 0.16484375 0.338888888889 0.0453125 0.0958333333333
1 0.34609375 0.244444444444 0.02734375 0.0958333333333
1 0.4984375 0.419444444444 0.0390625 0.1125
1 0.70859375 0.401388888889 0.0609375 0.134722222222
1 0.596875 0.576388888889 0.06328125 0.152777777778
0 0.2359375 0.193055555556 0.03046875 0.0958333333333
0 0.29765625 0.316666666667 0.040625 0.104166666667
0 0.8328125 0.551388888889 0.05703125 0.148611111111
0 0.4 0.193055555556 0.03515625 0.0916666666667
0 0.5625 0.452777777778 0.0375 0.125
0 0.81484375 0.386111111111 0.0421875 0.126388888889
0 0.2984375 0.636111111111 0.04765625 0.158333333333
0 0.52734375 0.283333333333 0.0453125 0.126388888889
1 0.3 0.652777777778 0.03203125 0.145833333333
