0 0.51015625 0.434722222222 0.0671875 0.154166666667
1 0.61484375 0.375 0.040625 0.190277777778
1 0.53046875 0.480555555556 0.0328125 0.172222222222
0 0.52109375 0.4125 0.034375 0.175
0 0.5203125 0.402777777778 0.040625 0.152777777778
0 0.3703125 0.398611111111 0.06875 0.186111111111
1 0.5109375 0.470833333333 0.0640625 0.155555555556
0 0.87109375 0.368055555556 0.025 0.125
1 0.7625 0.438888888889 0.0359375 0.118055555556
0 0.384375 0.376388888889 0.04296875 0.181944444444
0 0.5765625 0.429166666667 0.03515625 0.145833333333
0 0.365625 0.506944444444 0.040625 0.0805555555556
0 0.78359375 0.779166666667 0.06875 0.219444444444
1 0.61953125 0.675 0.05234375 0.2
1 0.80078125 0.530555555556 0.0421875 0.151388888889
