0 0.47109375 0.430555555556 0.0671875 0.154166666667
1 0.625 0.373611111111 0.03359375 0.155555555556
1 0.55546875 0.475 0.03125 0.163888888889
0 0.4734375 0.4125 0.034375 0.175
0 0.4734375 0.405555555556 0.040625 0.152777777778
0 0.3546875 0.393055555556 0.06171875 0.168055555556
1 0.53125 0.4625 0.0578125 0.141666666667
0 0.8671875 0.372222222222 0.0265625 0.131944444444
1 0.82421875 0.419444444444 0.0359375 0.118055555556
0 0.55234375 0.451388888889 0.02890625 0.123611111111
0 0.64609375 0.427777777778 0.03359375 0.138888888889
0 0.428125 0.498611111111 0.040625 0.0805555555556
0 0.88046875 0.768055555556 0.071875 0.230555555556
