1 0.0453125 0.402777777778 0.04765625 0.101388888889
1 0.20390625 0.322222222222 0.0546875 0.148611111111
1 0.453125 0.425 0.03984375 0.1125
1 0.5375 0.508333333333 0.0640625 0.183333333333
1 0.60390625 0.651388888889 0.0546875 0.198611111111
0 0.11640625 0.288888888889 0.04140625 0.129166666667
0 0.17734375 0.394444444444 0.04765625 0.125
0 0.6296875 0.529166666667 0.06171875 0.181944444444
0 0.2734375 0.295833333333 0.04765625 0.122222222222
0 0.53828125 0.527777777778 0.0390625 0.130555555556
0 0.6375 0.554166666667 0.04453125 0.133333333333
0 0.16328125 0.604166666667 0.04765625 0.158333333333
0 0.43046875 0.3875 0.05859375 0.159722222222
1 0.08046875 0.627777777778 0.0296875 0.205555555556
