1 0.18515625 0.365277777778 0.03984375 0.1
1 0.3890625 0.134722222222 0.0390625 0.111111111111
0 0.2734375 0.343055555556 0.046875 0.101388888889
0 0.52109375 0.266666666667 0.0546875 0.0972222222222
0 0.609375 0.134722222222 0.0390625 0.101388888889
1 0.746875 0.159722222222 0.03203125 0.0777777777778
0 0.71796875 0.204166666667 0.02109375 0.0597222222222
0 0.675 0.276388888889 0.03046875 0.0902777777778
0 0.9375 0.118055555556 0.04375 0.118055555556
1 0.6296875 0.254166666667 0.03984375 0.0986111111111
0 0.78984375 0.436111111111 0.03359375 0.0972222222222
