0 0.56328125 0.427777777778 0.07421875 0.169444444444
1 0.575 0.402777777778 0.0453125 0.209722222222
0 0.5890625 0.402777777778 0.03984375 0.202777777778
0 0.55 0.397222222222 0.04453125 0.168055555556
0 0.3875 0.411111111111 0.06484375 0.176388888889
1 0.496875 0.490277777778 0.0640625 0.155555555556
0 0.9015625 0.356944444444 0.028125 0.138888888889
1 0.753125 0.445833333333 0.0359375 0.118055555556
0 0.40078125 0.375 0.0453125 0.191666666667
0 0.553125 0.434722222222 0.0390625 0.161111111111
0 0.33671875 0.502777777778 0.05 0.0986111111111
0 0.8234375 0.811111111111 0.071875 0.230555555556
1 0.41796875 0.631944444444 0.05234375 0.2
1 0.5953125 0.530555555556 0.04453125 0.158333333333
1 0.14453125 0.540277777778 0.05859375 0.156944444444
