1 0.1828125 0.270833333333 0.04609375 0.115277777778
0 0.196875 0.229166666667 0.0515625 0.111111111111
0 0.4109375 -0.00138888888889 0.0578125 0.102777777778
0 0.6234375 -0.0555555555556 0.03515625 0.104166666667
1 0.54921875 -0.0375 0.0359375 0.0888888888889
0 0.4828125 0.269444444444 0.0390625 0.1125
0 0.67578125 0.370833333333 0.05 0.113888888889
1 0.7734375 0.138888888889 0.03828125 0.144444444444
1 0.8609375 0.461111111111 0.046875 0.176388888889
0 0.9265625 0.509722222222 0.0234375 0.123611111111
