0 0.63203125 0.293055555556 0.040625 0.144444444444
1 0.95703125 0.319444444444 0.04140625 0.148611111111
0 0.95546875 0.329166666667 0.04296875 0.145833333333
0 0.97578125 0.3625 0.02265625 0.102777777778
1 0.61015625 0.273611111111 0.0328125 0.126388888889
1 0.67421875 0.552777777778 0.034375 0.180555555556
0 0.5578125 0.433333333333 0.0296875 0.151388888889
0 0.41015625 0.556944444444 0.04296875 0.159722222222
0 0.23515625 0.679166666667 0.05546875 0.168055555556
1 0.22734375 0.638888888889 0.0671875 0.163888888889
