1 0.12109375 0.330555555556 0.04765625 0.101388888889
1 0.30234375 0.231944444444 0.0296875 0.105555555556
1 0.50546875 0.386111111111 0.04375 0.123611111111
1 0.7109375 0.391666666667 0.0671875 0.148611111111
1 0.67109375 0.516666666667 0.05703125 0.1375
0 0.215625 0.194444444444 0.03046875 0.0958333333333
0 0.25703125 0.301388888889 0.0453125 0.115277777778
0 0.82890625 0.520833333333 0.05703125 0.148611111111
0 0.35 0.191666666667 0.0375 0.0958333333333
0 0.55859375 0.447222222222 0.0390625 0.130555555556
0 0.71953125 0.401388888889 0.046875 0.138888888889
0 0.35234375 0.620833333333 0.04296875 0.144444444444
0 0.509375 0.297222222222 0.0390625 0.108333333333
1 0.33125 0.616666666667 0.03203125 0.145833333333
