1 0.54375 0.340277777778 0.04140625 0.104166666667
0 0.49140625 0.436111111111 0.053125 0.152777777778
0 0.53984375 0.373611111111 0.06171875 0.109722222222
0 0.46875 0.516666666667 0.04296875 0.122222222222
0 0.33515625 0.370833333333 0.03671875 0.1625
1 0.5625 0.456944444444 0.04140625 0.119444444444
1 0.66328125 0.505555555556 0.05546875 0.129166666667
0 0.703125 0.184722222222 0.04921875 0.163888888889
1 0.75390625 0.322222222222 0.05625 0.134722222222
0 0.675 0.4125 0.0421875 0.113888888889
0 0.68203125 0.479166666667 0.02734375 0.109722222222
