1 0.59453125 0.345833333333 0.04140625 0.104166666667
0 0.51953125 0.444444444444 0.05625 0.159722222222
0 0.5875 0.379166666667 0.05859375 0.104166666667
0 0.5140625 0.498611111111 0.046875 0.134722222222
0 0.36484375 0.359722222222 0.04296875 0.1875
1 0.64140625 0.5 0.04375 0.126388888889
1 0.68984375 0.530555555556 0.06171875 0.143055555556
0 0.74296875 0.206944444444 0.04453125 0.148611111111
1 0.8 0.338888888889 0.06171875 0.148611111111
0 0.65546875 0.415277777778 0.046875 0.125
0 0.64296875 0.509722222222 0.02890625 0.115277777778
