1 0.5828125 0.344444444444 0.04140625 0.104166666667
0 0.5171875 0.448611111111 0.053125 0.152777777778
0 0.58046875 0.379166666667 0.05859375 0.104166666667
0 0.50859375 0.498611111111 0.04921875 0.141666666667
0 0.365625 0.372222222222 0.0390625 0.169444444444
1 0.6390625 0.490277777778 0.04140625 0.119444444444
1 0.6875 0.5375 0.05859375 0.136111111111
0 0.73671875 0.202777777778 0.046875 0.155555555556
1 0.80078125 0.344444444444 0.05625 0.134722222222
0 0.6625 0.411111111111 0.04921875 0.130555555556
0 0.659375 0.498611111111 0.0265625 0.104166666667
