0 0.4765625 0.434722222222 0.0640625 0.145833333333
1 0.62890625 0.369444444444 0.03515625 0.163888888889
1 0.5546875 0.469444444444 0.0328125 0.172222222222
0 0.48046875 0.413888888889 0.0328125 0.166666666667
0 0.4796875 0.409722222222 0.03671875 0.138888888889
0 0.36328125 0.391666666667 0.059375 0.159722222222
1 0.53125 0.470833333333 0.0609375 0.148611111111
0 0.87109375 0.372222222222 0.0265625 0.131944444444
1 0.82734375 0.419444444444 0.0359375 0.118055555556
0 0.53671875 0.456944444444 0.03046875 0.129166666667
0 0.640625 0.429166666667 0.03203125 0.131944444444
0 0.43125 0.494444444444 0.040625 0.0805555555556
0 0.8640625 0.780555555556 0.06875 0.219444444444
