1 0.0484375 0.340277777778 0.05234375 0.111111111111
1 0.2046875 0.251388888889 0.0546875 0.111111111111
1 0.49765625 0.395833333333 0.04140625 0.118055555556
1 0.62265625 0.425 0.05859375 0.127777777778
1 0.68984375 0.506944444444 0.05703125 0.1375
0 0.1203125 0.216666666667 0.0390625 0.122222222222
0 0.17265625 0.301388888889 0.05234375 0.138888888889
0 0.74453125 0.5125 0.046875 0.122222222222
0 0.2609375 0.215277777778 0.0453125 0.116666666667
0 0.51171875 0.455555555556 0.0390625 0.130555555556
0 0.60234375 0.423611111111 0.0421875 0.126388888889
0 0.315625 0.586111111111 0.04296875 0.144444444444
0 0.4375 0.318055555556 0.0453125 0.126388888889
1 0.271875 0.577777777778 0.0234375 0.161111111111
