0 0.546875 0.397222222222 0.05546875 0.126388888889
1 0.53671875 0.363888888889 0.03203125 0.148611111111
1 0.53515625 0.451388888889 0.0296875 0.155555555556
0 0.5546875 0.372222222222 0.0296875 0.151388888889
0 0.409375 0.344444444444 0.040625 0.152777777778
0 0.24375 0.391666666667 0.05390625 0.145833333333
1 0.309375 0.444444444444 0.04296875 0.105555555556
0 0.93671875 0.358333333333 0.0265625 0.131944444444
1 0.8640625 0.409722222222 0.0328125 0.106944444444
0 0.96015625 0.479166666667 0.03359375 0.143055555556
