0 0.71875 0.298611111111 0.04296875 0.151388888889
1 0.95703125 0.265277777778 0.04140625 0.148611111111
0 0.959375 0.404166666667 0.0390625 0.131944444444
0 0.94140625 0.297222222222 0.02265625 0.102777777778
1 0.68515625 0.269444444444 0.0328125 0.126388888889
1 0.75546875 0.5375 0.034375 0.180555555556
0 0.64921875 0.430555555556 0.028125 0.144444444444
0 0.4734375 0.527777777778 0.040625 0.152777777778
0 0.29296875 0.623611111111 0.0640625 0.194444444444
1 0.2953125 0.615277777778 0.0609375 0.148611111111
