1 0.04921875 0.405555555556 0.0453125 0.0958333333333
1 0.23125 0.336111111111 0.0515625 0.141666666667
1 0.409375 0.408333333333 0.03984375 0.1125
1 0.55859375 0.520833333333 0.0640625 0.183333333333
1 0.6 0.6625 0.04921875 0.180555555556
0 0.13359375 0.298611111111 0.0375 0.116666666667
0 0.2078125 0.394444444444 0.0453125 0.119444444444
0 0.57890625 0.520833333333 0.06796875 0.2
0 0.29609375 0.309722222222 0.04765625 0.122222222222
0 0.53984375 0.533333333333 0.04140625 0.1375
0 0.6015625 0.545833333333 0.0515625 0.154166666667
0 0.16328125 0.602777777778 0.04765625 0.158333333333
0 0.43125 0.4 0.04765625 0.131944444444
1 0.025 0.673611111111 0.028125 0.195833333333
