1 0.19453125 0.308333333333 0.04375 0.109722222222
1 0.415625 0.0347222222222 0.046875 0.136111111111
0 0.28515625 0.290277777778 0.04453125 0.0958333333333
0 0.5375 0.193055555556 0.05234375 0.0930555555556
0 0.63828125 0.0375 0.04140625 0.106944444444
1 0.77578125 0.0763888888889 0.03203125 0.0777777777778
0 0.74140625 0.119444444444 0.021875 0.0625
0 0.703125 0.2 0.03203125 0.0944444444444
1 0.6609375 0.165277777778 0.03984375 0.0986111111111
0 0.79921875 0.370833333333 0.03203125 0.0916666666667
