1 0.0484375 0.373611111111 0.0359375 0.0902777777778
1 0.20625 0.227777777778 0.03515625 0.101388888889
0 0.1609375 0.369444444444 0.05390625 0.116666666667
0 0.40234375 0.454166666667 0.04765625 0.134722222222
0 0.4140625 0.248611111111 0.04140625 0.106944444444
1 0.56640625 0.244444444444 0.03359375 0.0819444444444
0 0.61484375 0.288888888889 0.021875 0.0625
0 0.67578125 0.359722222222 0.03046875 0.0902777777778
0 0.77421875 0.233333333333 0.04375 0.118055555556
1 0.87109375 0.2125 0.0359375 0.108333333333
1 0.86328125 0.297222222222 0.034375 0.0972222222222
1 0.7890625 0.465277777778 0.0390625 0.143055555556
1 0.5796875 0.397222222222 0.04609375 0.113888888889
0 0.653125 0.518055555556 0.04296875 0.123611111111
0 0.92109375 0.563888888889 0.0484375 0.136111111111
