1 0.59765625 0.248611111111 0.046875 0.147222222222
0 0.2640625 0.209722222222 0.0828125 0.180555555556
0 0.62265625 0.236111111111 0.04296875 0.126388888889
1 0.35859375 0.0111111111111 0.04609375 0.113888888889
0 0.36640625 0.347222222222 0.0453125 0.129166666667
0 0.55546875 0.368055555556 0.05546875 0.125
1 0.6453125 0.180555555556 0.04921875 0.184722222222
0 0.328125 0.476388888889 0.03515625 0.181944444444
0 0.4109375 0.186111111111 0.05859375 0.0986111111111
0 0.44921875 0.3125 0.06015625 0.169444444444
