0 0.5 0.301388888889 0.03359375 0.119444444444
1 0.83828125 0.3625 0.04609375 0.163888888889
0 0.8359375 0.366666666667 0.04765625 0.159722222222
0 0.78984375 0.368055555556 0.021875 0.0972222222222
1 0.478125 0.272222222222 0.0265625 0.104166666667
1 0.53046875 0.536111111111 0.034375 0.180555555556
0 0.39765625 0.443055555556 0.0296875 0.151388888889
0 0.2765625 0.569444444444 0.040625 0.152777777778
0 0.10703125 0.727777777778 0.0578125 0.176388888889
1 0.08828125 0.659722222222 0.07421875 0.180555555556
