1 0.55234375 0.344444444444 0.04140625 0.104166666667
0 0.50625 0.422222222222 0.053125 0.152777777778
0 0.55 0.375 0.06484375 0.115277777778
0 0.43359375 0.491666666667 0.04921875 0.141666666667
0 0.3484375 0.383333333333 0.03203125 0.140277777778
1 0.553125 0.444444444444 0.04140625 0.119444444444
1 0.67734375 0.509722222222 0.06171875 0.143055555556
0 0.721875 0.172222222222 0.04921875 0.163888888889
1 0.74765625 0.315277777778 0.05625 0.134722222222
0 0.76328125 0.402777777778 0.040625 0.108333333333
0 0.778125 0.4625 0.03046875 0.120833333333
