1 0.55 0.343055555556 0.04140625 0.104166666667
0 0.50078125 0.422222222222 0.053125 0.152777777778
0 0.54453125 0.379166666667 0.06484375 0.115277777778
0 0.44609375 0.504166666667 0.046875 0.134722222222
0 0.34609375 0.379166666667 0.03203125 0.140277777778
1 0.55546875 0.451388888889 0.04140625 0.119444444444
1 0.675 0.5125 0.05859375 0.136111111111
0 0.715625 0.176388888889 0.0515625 0.172222222222
1 0.74921875 0.316666666667 0.05625 0.134722222222
0 0.74296875 0.398611111111 0.040625 0.108333333333
0 0.75546875 0.470833333333 0.02734375 0.109722222222
