1 0.03359375 0.394444444444 0.05234375 0.111111111111
1 0.19453125 0.3125 0.0546875 0.111111111111
1 0.48515625 0.427777777778 0.04140625 0.118055555556
1 0.52734375 0.488888888889 0.0671875 0.193055555556
1 0.61328125 0.6 0.06640625 0.159722222222
0 0.103125 0.275 0.04140625 0.129166666667
0 0.16015625 0.383333333333 0.04765625 0.125
0 0.665625 0.523611111111 0.06171875 0.181944444444
0 0.25390625 0.279166666667 0.04765625 0.122222222222
0 0.5265625 0.5125 0.0390625 0.130555555556
0 0.671875 0.55 0.0421875 0.126388888889
0 0.16953125 0.6125 0.04765625 0.158333333333
0 0.4796875 0.405555555556 0.05 0.138888888889
1 0.1203125 0.6125 0.0265625 0.186111111111
