1 0.13046875 0.444444444444 0.05078125 0.126388888889
0 0.178125 0.481944444444 0.0625 0.134722222222
0 0.278125 0.0 0.0609375 0.108333333333
0 0.61875 -0.0430555555556 0.03046875 0.0902777777778
1 0.43359375 -0.0319444444444 0.0296875 0.0736111111111
0 0.30390625 0.484722222222 0.040625 0.118055555556
0 0.40234375 0.669444444444 0.0640625 0.145833333333
1 0.66328125 0.234722222222 0.04453125 0.166666666667
1 0.54140625 0.573611111111 0.0421875 0.159722222222
0 0.4640625 0.741666666667 0.02734375 0.143055555556
