0 0.49375 0.423611111111 0.0609375 0.138888888889
1 0.584375 0.377777777778 0.03203125 0.148611111111
1 0.55078125 0.45 0.0328125 0.172222222222
0 0.5078125 0.411111111111 0.02578125 0.130555555556
0 0.503125 0.393055555556 0.0390625 0.145833333333
0 0.33828125 0.383333333333 0.05390625 0.145833333333
1 0.44453125 0.447222222222 0.04296875 0.105555555556
0 0.90078125 0.3625 0.028125 0.138888888889
1 0.79453125 0.411111111111 0.028125 0.0930555555556
0 0.78984375 0.4625 0.03515625 0.15
0 0.86171875 0.429166666667 0.03515625 0.145833333333
