0 0.684375 0.294444444444 0.04296875 0.151388888889
1 0.96015625 0.270833333333 0.03984375 0.141666666667
0 0.95625 0.425 0.04296875 0.145833333333
0 0.946875 0.294444444444 0.02421875 0.108333333333
1 0.646875 0.272222222222 0.03125 0.120833333333
1 0.71328125 0.540277777778 0.034375 0.180555555556
0 0.60390625 0.436111111111 0.028125 0.144444444444
0 0.4453125 0.541666666667 0.04296875 0.159722222222
0 0.2671875 0.65 0.0578125 0.176388888889
1 0.26171875 0.636111111111 0.0609375 0.148611111111
