1 0.54921875 0.341666666667 0.04140625 0.104166666667
0 0.48984375 0.447222222222 0.053125 0.152777777778
0 0.54375 0.379166666667 0.06171875 0.109722222222
0 0.4765625 0.506944444444 0.0453125 0.127777777778
0 0.33828125 0.380555555556 0.03515625 0.154166666667
1 0.57421875 0.459722222222 0.04140625 0.119444444444
1 0.66015625 0.518055555556 0.05546875 0.129166666667
0 0.70546875 0.190277777778 0.04921875 0.163888888889
1 0.759375 0.326388888889 0.05625 0.134722222222
0 0.66484375 0.416666666667 0.046875 0.125
0 0.671875 0.484722222222 0.02734375 0.109722222222
