0 0.07421875 0.656944444444 0.09609375 0.131944444444
0 0.34375 0.454166666667 0.08203125 0.391666666667
0 0.4234375 0.459722222222 0.05625 0.322222222222
1 0.44921875 0.484722222222 0.0703125 0.326388888889
1 0.465625 0.251388888889 0.13203125 0.786111111111
1 0.59453125 0.448611111111 0.04921875 0.284722222222
1 0.6125 0.426388888889 0.07421875 0.383333333333
1 0.69453125 0.473611111111 0.0453125 0.240277777778
0 0.253125 0.498611111111 0.0640625 0.277777777778
1 0.9390625 0.295833333333 0.06015625 0.5
