1 0.5921875 0.345833333333 0.04140625 0.104166666667
0 0.51875 0.443055555556 0.05625 0.159722222222
0 0.58671875 0.380555555556 0.05859375 0.104166666667
0 0.51484375 0.5 0.046875 0.134722222222
0 0.365625 0.359722222222 0.04296875 0.1875
1 0.64140625 0.498611111111 0.04375 0.126388888889
1 0.690625 0.536111111111 0.06171875 0.143055555556
0 0.740625 0.204166666667 0.046875 0.155555555556
1 0.803125 0.344444444444 0.05859375 0.141666666667
0 0.6578125 0.416666666667 0.046875 0.125
0 0.64765625 0.506944444444 0.02890625 0.115277777778
