1 0.55703125 0.343055555556 0.04140625 0.104166666667
0 0.5140625 0.422222222222 0.053125 0.152777777778
0 0.55546875 0.381944444444 0.06171875 0.109722222222
0 0.40859375 0.458333333333 0.05234375 0.148611111111
0 0.346875 0.379166666667 0.03359375 0.147222222222
1 0.540625 0.429166666667 0.04140625 0.119444444444
1 0.68203125 0.504166666667 0.06484375 0.15
0 0.73046875 0.1625 0.04921875 0.163888888889
1 0.7515625 0.3125 0.05625 0.134722222222
0 0.7890625 0.388888888889 0.04453125 0.119444444444
0 0.8109375 0.461111111111 0.02890625 0.115277777778
