1 0.59453125 0.344444444444 0.04140625 0.104166666667
0 0.51875 0.440277777778 0.05625 0.159722222222
0 0.5875 0.376388888889 0.06171875 0.109722222222
0 0.51484375 0.501388888889 0.046875 0.134722222222
0 0.36484375 0.358333333333 0.04296875 0.1875
1 0.6421875 0.501388888889 0.04375 0.126388888889
1 0.6890625 0.526388888889 0.06171875 0.143055555556
0 0.7421875 0.205555555556 0.04453125 0.148611111111
1 0.79921875 0.336111111111 0.06171875 0.148611111111
0 0.65234375 0.415277777778 0.046875 0.125
0 0.63828125 0.515277777778 0.03046875 0.120833333333
