0 0.109375 0.273611111111 0.0390625 0.1375
1 0.2671875 0.354166666667 0.04375 0.155555555556
0 0.3375 0.393055555556 0.0390625 0.131944444444
0 0.56796875 0.644444444444 0.05234375 0.208333333333
0 0.67109375 0.304166666667 0.034375 0.0944444444444
0 0.76953125 0.365277777778 0.0515625 0.113888888889
1 0.871875 0.345833333333 0.06015625 0.148611111111
1 0.84453125 0.477777777778 0.065625 0.165277777778
1 0.6640625 0.259722222222 0.025 0.0555555555556
0 0.10234375 0.356944444444 0.03203125 0.144444444444
1 0.0984375 0.258333333333 0.02421875 0.0944444444444
1 -0.00078125 0.497222222222 0.034375 0.180555555556
