1 0.20390625 0.3375 0.04296875 0.0916666666667
1 0.46796875 0.415277777778 0.04765625 0.120833333333
1 0.41796875 0.473611111111 0.04609375 0.129166666667
1 0.596875 0.497222222222 0.04296875 0.125
1 0.534375 0.922222222222 0.07109375 0.216666666667
0 0.2234375 0.308333333333 0.0390625 0.129166666667
0 0.203125 0.447222222222 0.04140625 0.108333333333
0 0.725 0.5 0.053125 0.156944444444
0 0.4734375 0.383333333333 0.05 0.105555555556
0 0.4953125 0.545833333333 0.0453125 0.151388888889
0 0.66640625 0.681944444444 0.06875 0.205555555556
0 0.29921875 0.723611111111 0.0578125 0.193055555556
0 0.53046875 0.454166666667 0.0421875 0.131944444444
