0 0.49140625 0.423611111111 0.0609375 0.138888888889
1 0.584375 0.377777777778 0.03203125 0.148611111111
1 0.55234375 0.45 0.0328125 0.172222222222
0 0.50546875 0.411111111111 0.0265625 0.1375
0 0.5015625 0.398611111111 0.0390625 0.145833333333
0 0.33671875 0.386111111111 0.05390625 0.145833333333
1 0.44921875 0.451388888889 0.04296875 0.105555555556
0 0.8984375 0.3625 0.028125 0.138888888889
1 0.79375 0.411111111111 0.028125 0.0930555555556
0 0.7859375 0.458333333333 0.03515625 0.15
0 0.8546875 0.434722222222 0.03515625 0.145833333333
