0 0.4703125 0.420833333333 0.07421875 0.169444444444
1 0.58984375 0.370833333333 0.03203125 0.148611111111
1 0.565625 0.456944444444 0.03125 0.163888888889
0 0.47734375 0.404166666667 0.034375 0.175
0 0.47734375 0.4 0.0390625 0.145833333333
0 0.33359375 0.381944444444 0.05390625 0.145833333333
1 0.48203125 0.440277777778 0.05234375 0.127777777778
0 0.87578125 0.359722222222 0.025 0.125
1 0.79453125 0.4125 0.03125 0.101388888889
0 0.70859375 0.473611111111 0.02890625 0.123611111111
0 0.76484375 0.431944444444 0.03671875 0.152777777778
