1 0.1921875 0.429166666667 0.053125 0.133333333333
0 0.1984375 0.5375 0.059375 0.129166666667
0 0.20703125 0.0 0.0609375 0.108333333333
0 0.59921875 0.0 0.03203125 0.0944444444444
1 0.36171875 0.00277777777778 0.0359375 0.0888888888889
0 0.23203125 0.419444444444 0.04296875 0.123611111111
0 0.35546875 0.715277777778 0.0640625 0.145833333333
1 0.60703125 0.266666666667 0.040625 0.151388888889
1 0.52890625 0.590277777778 0.03828125 0.145833333333
0 0.32890625 0.781944444444 0.03203125 0.165277777778
