0 0.54609375 0.416666666667 0.05546875 0.126388888889
1 0.57109375 0.361111111111 0.03046875 0.141666666667
1 0.52734375 0.468055555556 0.03125 0.163888888889
0 0.565625 0.393055555556 0.03125 0.159722222222
0 0.54453125 0.384722222222 0.03671875 0.138888888889
0 0.28046875 0.388888888889 0.05703125 0.152777777778
1 0.36171875 0.461111111111 0.04140625 0.1
0 0.9359375 0.368055555556 0.0265625 0.131944444444
1 0.825 0.404166666667 0.034375 0.1125
0 0.89375 0.473611111111 0.03359375 0.143055555556
