0 0.5078125 0.434722222222 0.0671875 0.154166666667
1 0.615625 0.376388888889 0.040625 0.190277777778
1 0.53125 0.480555555556 0.0328125 0.172222222222
0 0.5203125 0.405555555556 0.0359375 0.184722222222
0 0.51875 0.404166666667 0.040625 0.152777777778
0 0.3671875 0.411111111111 0.06875 0.186111111111
1 0.5109375 0.470833333333 0.0640625 0.155555555556
0 0.87109375 0.368055555556 0.025 0.125
1 0.7640625 0.438888888889 0.0359375 0.118055555556
0 0.384375 0.370833333333 0.04296875 0.181944444444
0 0.57734375 0.430555555556 0.03515625 0.145833333333
0 0.3703125 0.508333333333 0.0390625 0.0763888888889
0 0.78359375 0.780555555556 0.06875 0.219444444444
1 0.62890625 0.676388888889 0.05234375 0.2
1 0.80859375 0.526388888889 0.0421875 0.151388888889
