0 0.53125 0.441666666667 0.0671875 0.154166666667
1 0.57109375 0.35 0.04765625 0.219444444444
1 0.50546875 0.480555555556 0.0328125 0.172222222222
0 0.5484375 0.408333333333 0.0375 0.193055555556
0 0.54453125 0.395833333333 0.04453125 0.168055555556
0 0.3734375 0.409722222222 0.06484375 0.176388888889
1 0.50390625 0.469444444444 0.0640625 0.155555555556
0 0.878125 0.358333333333 0.028125 0.138888888889
1 0.74609375 0.45 0.0359375 0.118055555556
0 0.3921875 0.386111111111 0.040625 0.173611111111
0 0.54921875 0.438888888889 0.03515625 0.145833333333
0 0.334375 0.504166666667 0.05 0.0986111111111
0 0.8046875 0.798611111111 0.0625 0.198611111111
1 0.46953125 0.643055555556 0.0546875 0.209722222222
1 0.64765625 0.530555555556 0.0421875 0.151388888889
1 0.2046875 0.533333333333 0.05859375 0.156944444444
