1 0.121875 0.4125 0.0359375 0.0902777777778
1 0.3 0.2125 0.03671875 0.106944444444
0 0.2390625 0.415277777778 0.04921875 0.105555555556
0 0.46953125 0.368055555556 0.05234375 0.0930555555556
0 0.52421875 0.223611111111 0.04140625 0.106944444444
1 0.6734375 0.230555555556 0.03203125 0.0777777777778
0 0.653125 0.266666666667 0.02109375 0.0597222222222
0 0.6171875 0.352777777778 0.03046875 0.0902777777778
0 0.85234375 0.202777777778 0.04375 0.118055555556
1 0.94296875 0.193055555556 0.0359375 0.108333333333
1 0.5515625 0.336111111111 0.0421875 0.102777777778
0 0.74609375 0.502777777778 0.0375 0.106944444444
