0 0.55078125 0.397222222222 0.05546875 0.126388888889
1 0.54140625 0.361111111111 0.03046875 0.141666666667
1 0.528125 0.45 0.03125 0.163888888889
0 0.55703125 0.373611111111 0.0296875 0.151388888889
0 0.50078125 0.377777777778 0.040625 0.152777777778
0 0.25234375 0.393055555556 0.05390625 0.145833333333
1 0.31875 0.443055555556 0.04296875 0.105555555556
0 0.9375 0.356944444444 0.0265625 0.131944444444
1 0.85625 0.406944444444 0.0328125 0.106944444444
0 0.94921875 0.494444444444 0.03203125 0.136111111111
