1 0.215625 0.331944444444 0.04296875 0.0916666666667
1 0.4609375 0.415277777778 0.04765625 0.120833333333
1 0.4328125 0.476388888889 0.04609375 0.129166666667
1 0.60078125 0.484722222222 0.0453125 0.130555555556
1 0.5421875 0.9 0.07109375 0.216666666667
0 0.2296875 0.304166666667 0.03671875 0.123611111111
0 0.203125 0.441666666667 0.04140625 0.108333333333
0 0.74375 0.497222222222 0.053125 0.156944444444
0 0.4703125 0.381944444444 0.05 0.105555555556
0 0.50390625 0.569444444444 0.04140625 0.1375
0 0.66171875 0.691666666667 0.06875 0.205555555556
0 0.315625 0.725 0.0578125 0.193055555556
0 0.53203125 0.451388888889 0.040625 0.125
