0 0.55078125 0.308333333333 0.03359375 0.119444444444
1 0.9015625 0.369444444444 0.04609375 0.163888888889
0 0.89921875 0.375 0.04765625 0.159722222222
0 0.84921875 0.365277777778 0.02421875 0.108333333333
1 0.52109375 0.273611111111 0.0296875 0.115277777778
1 0.575 0.552777777778 0.0328125 0.172222222222
0 0.44765625 0.447222222222 0.02578125 0.130555555556
0 0.328125 0.575 0.0390625 0.144444444444
0 0.14453125 0.704166666667 0.05546875 0.168055555556
1 0.1359375 0.659722222222 0.0671875 0.163888888889
