1 0.14296875 0.356944444444 0.04296875 0.0916666666667
1 0.4328125 0.356944444444 0.06328125 0.1625
1 0.334375 0.427777777778 0.04375 0.123611111111
1 0.6046875 0.508333333333 0.0453125 0.130555555556
1 0.4828125 0.833333333333 0.10546875 0.320833333333
0 0.19296875 0.308333333333 0.03515625 0.118055555556
0 0.19609375 0.409722222222 0.05234375 0.138888888889
0 0.63515625 0.494444444444 0.0484375 0.141666666667
0 0.44765625 0.370833333333 0.0546875 0.116666666667
0 0.4625 0.504166666667 0.0359375 0.119444444444
0 0.65078125 0.595833333333 0.0625 0.186111111111
0 0.2109375 0.669444444444 0.05234375 0.175
0 0.5296875 0.451388888889 0.046875 0.145833333333
