1 0.16171875 0.398611111111 0.0375 0.0944444444444
1 0.35234375 0.183333333333 0.03671875 0.106944444444
0 0.2640625 0.398611111111 0.046875 0.101388888889
0 0.49609375 0.327777777778 0.05234375 0.0930555555556
0 0.56796875 0.198611111111 0.04140625 0.106944444444
1 0.71484375 0.205555555556 0.03203125 0.0777777777778
0 0.6890625 0.244444444444 0.02109375 0.0597222222222
0 0.64375 0.323611111111 0.03046875 0.0902777777778
0 0.896875 0.179166666667 0.04140625 0.1125
1 0.5890625 0.311111111111 0.0421875 0.102777777778
0 0.76953125 0.484722222222 0.03359375 0.0972222222222
