1 0.1875 0.358333333333 0.03984375 0.1
1 0.38984375 0.125 0.0390625 0.111111111111
0 0.2734375 0.341666666667 0.046875 0.101388888889
0 0.52421875 0.259722222222 0.0546875 0.0972222222222
0 0.6109375 0.129166666667 0.0390625 0.101388888889
1 0.75 0.151388888889 0.03203125 0.0777777777778
0 0.71953125 0.195833333333 0.02109375 0.0597222222222
0 0.678125 0.269444444444 0.03046875 0.0902777777778
0 0.940625 0.109722222222 0.04375 0.118055555556
1 0.6328125 0.248611111111 0.03984375 0.0986111111111
0 0.79140625 0.429166666667 0.03359375 0.0972222222222
