1 0.0328125 0.386111111111 0.05234375 0.111111111111
1 0.18828125 0.301388888889 0.0546875 0.111111111111
1 0.49453125 0.418055555556 0.04375 0.123611111111
1 0.58203125 0.488888888889 0.05546875 0.122222222222
1 0.6375 0.572222222222 0.06328125 0.152777777778
0 0.0984375 0.265277777778 0.04140625 0.129166666667
0 0.15703125 0.372222222222 0.04765625 0.125
0 0.6765625 0.533333333333 0.046875 0.122222222222
0 0.24921875 0.269444444444 0.04765625 0.122222222222
0 0.51953125 0.508333333333 0.0390625 0.130555555556
0 0.54609375 0.479166666667 0.0421875 0.126388888889
0 0.18515625 0.606944444444 0.04765625 0.158333333333
0 0.41953125 0.3625 0.05 0.138888888889
1 0.14296875 0.6125 0.02421875 0.169444444444
