1 0.2703125 0.344444444444 0.05859375 0.147222222222
0 0.2890625 0.394444444444 0.05390625 0.116666666667
0 0.5609375 0.0125 0.03515625 0.104166666667
1 0.3125 0.0777777777778 0.04609375 0.113888888889
0 0.27890625 0.352777777778 0.05234375 0.15
0 0.40546875 0.658333333333 0.0609375 0.138888888889
1 0.59453125 0.290277777778 0.040625 0.151388888889
1 0.525 0.536111111111 0.0390625 0.145833333333
0 0.3 0.665277777778 0.03046875 0.156944444444
0 0.409375 -0.00138888888889 0.053125 0.0888888888889
