1 0.14375 0.334722222222 0.0453125 0.0958333333333
1 0.3296875 0.240277777778 0.028125 0.101388888889
1 0.50546875 0.397222222222 0.0390625 0.1125
1 0.7140625 0.394444444444 0.0640625 0.141666666667
1 0.6390625 0.545833333333 0.05703125 0.1375
0 0.23203125 0.195833333333 0.03046875 0.0958333333333
0 0.28046875 0.306944444444 0.0453125 0.115277777778
0 0.83671875 0.545833333333 0.05703125 0.148611111111
0 0.37578125 0.191666666667 0.03515625 0.0916666666667
0 0.56328125 0.443055555556 0.0390625 0.130555555556
0 0.77578125 0.391666666667 0.0421875 0.126388888889
0 0.33515625 0.627777777778 0.04296875 0.144444444444
0 0.52265625 0.2875 0.04296875 0.119444444444
1 0.31875 0.631944444444 0.03515625 0.161111111111
