1 0.07421875 0.3375 0.05 0.106944444444
1 0.2375 0.234722222222 0.0578125 0.116666666667
1 0.4984375 0.386111111111 0.04140625 0.118055555556
1 0.6515625 0.4125 0.0609375 0.134722222222
1 0.68984375 0.522222222222 0.0546875 0.131944444444
0 0.1546875 0.208333333333 0.034375 0.105555555556
0 0.20078125 0.291666666667 0.05234375 0.138888888889
0 0.7890625 0.509722222222 0.04921875 0.127777777778
0 0.2921875 0.201388888889 0.04296875 0.111111111111
0 0.53125 0.456944444444 0.0390625 0.130555555556
0 0.653125 0.420833333333 0.03984375 0.120833333333
0 0.34375 0.601388888889 0.04296875 0.144444444444
0 0.46484375 0.308333333333 0.04140625 0.113888888889
1 0.309375 0.584722222222 0.0234375 0.161111111111
