1 0.253125 0.393055555556 0.06171875 0.154166666667
0 0.27890625 0.459722222222 0.05625 0.122222222222
0 0.2359375 -0.00138888888889 0.0578125 0.102777777778
0 0.55859375 0.0319444444444 0.03515625 0.104166666667
1 0.3015625 0.101388888889 0.04609375 0.113888888889
0 0.2609375 0.395833333333 0.05 0.143055555556
0 0.371875 0.7 0.0640625 0.145833333333
1 0.57734375 0.315277777778 0.040625 0.151388888889
1 0.48125 0.597222222222 0.03515625 0.131944444444
0 0.29375 0.708333333333 0.03515625 0.181944444444
0 0.40859375 0.00416666666667 0.053125 0.0888888888889
