1 0.08359375 0.375 0.0453125 0.0958333333333
1 0.36796875 0.365277777778 0.0390625 0.1375
1 0.27734375 0.419444444444 0.04375 0.123611111111
1 0.59453125 0.5125 0.05 0.144444444444
1 0.47421875 0.829166666667 0.05859375 0.265277777778
0 0.14921875 0.304166666667 0.040625 0.136111111111
0 0.18203125 0.3875 0.04765625 0.125
0 0.6015625 0.498611111111 0.05078125 0.15
0 0.40078125 0.347222222222 0.05234375 0.111111111111
0 0.44765625 0.515277777778 0.0328125 0.108333333333
0 0.61328125 0.568055555556 0.05625 0.169444444444
0 0.15 0.655555555556 0.05546875 0.183333333333
0 0.49375 0.4375 0.046875 0.116666666667
