1 0.1921875 0.316666666667 0.04140625 0.104166666667
1 0.409375 0.0513888888889 0.046875 0.136111111111
0 0.2828125 0.295833333333 0.04453125 0.0958333333333
0 0.5328125 0.213888888889 0.05234375 0.0930555555556
0 0.63203125 0.0597222222222 0.04140625 0.106944444444
1 0.76953125 0.0930555555556 0.03203125 0.0777777777778
0 0.7359375 0.1375 0.02109375 0.0597222222222
0 0.69609375 0.213888888889 0.03046875 0.0902777777778
1 0.65390625 0.184722222222 0.03984375 0.0986111111111
0 0.7984375 0.381944444444 0.03203125 0.0916666666667
