0 0.49296875 0.4375 0.0640625 0.145833333333
1 0.64296875 0.359722222222 0.040625 0.190277777778
1 0.54921875 0.473611111111 0.03125 0.163888888889
0 0.5015625 0.415277777778 0.0359375 0.184722222222
0 0.49921875 0.4125 0.040625 0.152777777778
0 0.36953125 0.408333333333 0.06171875 0.168055555556
1 0.51796875 0.475 0.0640625 0.155555555556
0 0.8796875 0.386111111111 0.02421875 0.119444444444
1 0.803125 0.4375 0.034375 0.1125
0 0.45078125 0.461111111111 0.03359375 0.143055555556
0 0.60390625 0.429166666667 0.03515625 0.145833333333
0 0.415625 0.498611111111 0.040625 0.0805555555556
0 0.809375 0.773611111111 0.06875 0.219444444444
1 0.8265625 0.713888888889 0.0609375 0.231944444444
