1 0.0578125 0.390277777778 0.04375 0.109722222222
1 0.23046875 0.234722222222 0.03515625 0.101388888889
0 0.1859375 0.366666666667 0.05390625 0.116666666667
0 0.43359375 0.430555555556 0.05 0.140277777778
0 0.44765625 0.254166666667 0.04140625 0.106944444444
1 0.5953125 0.251388888889 0.03359375 0.0819444444444
0 0.61015625 0.294444444444 0.01875 0.0541666666667
0 0.63046875 0.381944444444 0.03203125 0.0944444444444
0 0.7875 0.2375 0.04375 0.118055555556
1 0.89375 0.215277777778 0.0359375 0.108333333333
1 0.89453125 0.297222222222 0.0328125 0.0930555555556
1 0.8484375 0.466666666667 0.0390625 0.143055555556
1 0.52578125 0.381944444444 0.0421875 0.102777777778
0 0.696875 0.511111111111 0.04296875 0.123611111111
0 0.93125 0.559722222222 0.0484375 0.136111111111
