1 0.20546875 0.334722222222 0.04296875 0.0916666666667
1 0.46640625 0.418055555556 0.04765625 0.120833333333
1 0.421875 0.475 0.04609375 0.129166666667
1 0.5984375 0.493055555556 0.04296875 0.125
1 0.5375 0.919444444444 0.07109375 0.216666666667
0 0.22421875 0.308333333333 0.0390625 0.129166666667
0 0.20234375 0.440277777778 0.04140625 0.108333333333
0 0.72890625 0.494444444444 0.053125 0.156944444444
0 0.471875 0.380555555556 0.05 0.105555555556
0 0.49765625 0.558333333333 0.0453125 0.151388888889
0 0.6640625 0.684722222222 0.06875 0.205555555556
0 0.30234375 0.722222222222 0.0578125 0.193055555556
0 0.528125 0.451388888889 0.0421875 0.131944444444
