1 0.190625 0.347222222222 0.04296875 0.0916666666667
1 0.4703125 0.397222222222 0.05 0.126388888889
1 0.396875 0.458333333333 0.04609375 0.129166666667
1 0.5890625 0.497222222222 0.0453125 0.130555555556
1 0.515625 0.909722222222 0.0828125 0.251388888889
0 0.221875 0.309722222222 0.0390625 0.129166666667
0 0.20546875 0.4375 0.0453125 0.119444444444
0 0.690625 0.495833333333 0.053125 0.156944444444
0 0.47109375 0.376388888889 0.05234375 0.111111111111
0 0.48828125 0.538888888889 0.04140625 0.1375
0 0.67265625 0.675 0.065625 0.195833333333
0 0.27734375 0.705555555556 0.05546875 0.183333333333
0 0.5375 0.463888888889 0.03828125 0.119444444444
