1 0.5578125 0.341666666667 0.04375 0.109722222222
0 0.51796875 0.415277777778 0.053125 0.152777777778
0 0.55625 0.383333333333 0.06171875 0.109722222222
0 0.40390625 0.458333333333 0.0578125 0.163888888889
0 0.3453125 0.381944444444 0.03203125 0.140277777778
1 0.5265625 0.441666666667 0.04375 0.126388888889
1 0.67578125 0.494444444444 0.06796875 0.156944444444
0 0.74296875 0.172222222222 0.04453125 0.148611111111
1 0.75078125 0.311111111111 0.05625 0.134722222222
0 0.81796875 0.369444444444 0.04453125 0.119444444444
0 0.84921875 0.4625 0.02890625 0.115277777778
