0 0.44609375 0.286111111111 0.03671875 0.130555555556
1 0.76171875 0.359722222222 0.04609375 0.163888888889
0 0.7609375 0.365277777778 0.04765625 0.159722222222
0 0.71015625 0.361111111111 0.02265625 0.102777777778
1 0.421875 0.275 0.02578125 0.0986111111111
1 0.46015625 0.534722222222 0.0328125 0.172222222222
0 0.32890625 0.434722222222 0.0296875 0.151388888889
0 0.221875 0.579166666667 0.0375 0.1375
0 0.040625 0.718055555556 0.0671875 0.204166666667
1 0.02578125 0.656944444444 0.078125 0.190277777778
