1 0.04609375 0.370833333333 0.0359375 0.0902777777778
1 0.20625 0.226388888889 0.03515625 0.101388888889
0 0.159375 0.369444444444 0.05390625 0.116666666667
0 0.39765625 0.451388888889 0.0453125 0.127777777778
0 0.4125 0.248611111111 0.04140625 0.106944444444
1 0.56484375 0.245833333333 0.03359375 0.0819444444444
0 0.6140625 0.288888888889 0.021875 0.0625
0 0.67578125 0.358333333333 0.03203125 0.0944444444444
0 0.7703125 0.230555555556 0.04375 0.118055555556
1 0.8671875 0.2125 0.0359375 0.108333333333
1 0.8578125 0.294444444444 0.034375 0.0972222222222
1 0.78203125 0.466666666667 0.0390625 0.143055555556
1 0.58515625 0.398611111111 0.04609375 0.113888888889
0 0.64921875 0.516666666667 0.04296875 0.123611111111
0 0.9171875 0.556944444444 0.0484375 0.136111111111
