0 0.1453125 0.270833333333 0.040625 0.144444444444
1 0.321875 0.356944444444 0.04375 0.155555555556
0 0.37265625 0.375 0.04140625 0.138888888889
0 0.60625 0.644444444444 0.0546875 0.219444444444
0 0.71328125 0.302777777778 0.034375 0.0944444444444
0 0.80078125 0.368055555556 0.0515625 0.113888888889
1 0.91328125 0.343055555556 0.06015625 0.148611111111
1 0.8890625 0.483333333333 0.0625 0.156944444444
1 0.7 0.259722222222 0.025 0.0555555555556
0 0.17265625 0.35 0.03046875 0.1375
1 0.134375 0.259722222222 0.02421875 0.0944444444444
1 0.0390625 0.497222222222 0.034375 0.180555555556
