0 0.49609375 0.4375 0.0640625 0.145833333333
1 0.64296875 0.361111111111 0.040625 0.190277777778
1 0.54921875 0.473611111111 0.03125 0.163888888889
0 0.503125 0.415277777778 0.0359375 0.184722222222
0 0.50078125 0.411111111111 0.040625 0.152777777778
0 0.36953125 0.413888888889 0.06171875 0.168055555556
1 0.5171875 0.475 0.0640625 0.155555555556
0 0.878125 0.384722222222 0.02421875 0.119444444444
1 0.8 0.4375 0.034375 0.1125
0 0.44609375 0.4625 0.03359375 0.143055555556
0 0.6015625 0.427777777778 0.03515625 0.145833333333
0 0.41484375 0.501388888889 0.040625 0.0805555555556
0 0.80625 0.779166666667 0.06875 0.219444444444
1 0.81171875 0.713888888889 0.0609375 0.231944444444
