1 0.05390625 0.4 0.0453125 0.0958333333333
1 0.265625 0.345833333333 0.0515625 0.141666666667
1 0.36171875 0.405555555556 0.0375 0.106944444444
1 0.55 0.522222222222 0.0703125 0.202777777778
1 0.5953125 0.690277777778 0.0546875 0.198611111111
0 0.14296875 0.304166666667 0.04140625 0.129166666667
0 0.23203125 0.393055555556 0.0453125 0.119444444444
0 0.56171875 0.513888888889 0.075 0.220833333333
0 0.32890625 0.323611111111 0.04296875 0.111111111111
0 0.546875 0.523611111111 0.04140625 0.1375
0 0.58203125 0.544444444444 0.05390625 0.161111111111
0 0.15859375 0.606944444444 0.05 0.166666666667
0 0.453125 0.4 0.04375 0.119444444444
