1 0.57890625 0.229166666667 0.0515625 0.1625
0 0.265625 0.220833333333 0.075 0.163888888889
0 0.61875 0.211111111111 0.04296875 0.126388888889
1 0.36796875 0.00833333333333 0.04609375 0.113888888889
0 0.378125 0.347222222222 0.04296875 0.123611111111
0 0.56015625 0.368055555556 0.05546875 0.125
1 0.65390625 0.179166666667 0.04921875 0.184722222222
0 0.33984375 0.479166666667 0.03359375 0.173611111111
0 0.4234375 0.173611111111 0.05859375 0.0986111111111
0 0.4625 0.318055555556 0.05703125 0.161111111111
