1 0.04765625 0.375 0.03984375 0.1
1 0.2109375 0.226388888889 0.03515625 0.101388888889
0 0.1703125 0.366666666667 0.05390625 0.116666666667
0 0.40859375 0.451388888889 0.04765625 0.134722222222
0 0.42421875 0.247222222222 0.04140625 0.106944444444
1 0.571875 0.25 0.03515625 0.0861111111111
0 0.61328125 0.291666666667 0.01953125 0.0569444444444
0 0.6671875 0.370833333333 0.03046875 0.0902777777778
0 0.7765625 0.243055555556 0.04375 0.118055555556
1 0.88046875 0.215277777778 0.0359375 0.108333333333
1 0.875 0.297222222222 0.0328125 0.0930555555556
1 0.80703125 0.465277777778 0.0390625 0.143055555556
1 0.5640625 0.395833333333 0.04609375 0.113888888889
0 0.66875 0.516666666667 0.04296875 0.123611111111
0 0.92421875 0.559722222222 0.05078125 0.143055555556
