1 0.10703125 0.329166666667 0.04765625 0.101388888889
1 0.278125 0.231944444444 0.0296875 0.105555555556
1 0.50546875 0.377777777778 0.04375 0.123611111111
1 0.68515625 0.401388888889 0.0671875 0.148611111111
1 0.6796875 0.513888888889 0.06015625 0.144444444444
0 0.19375 0.197222222222 0.03046875 0.0958333333333
0 0.23515625 0.3125 0.04296875 0.109722222222
0 0.81953125 0.515277777778 0.0515625 0.134722222222
0 0.328125 0.193055555556 0.0390625 0.101388888889
0 0.55078125 0.447222222222 0.0390625 0.130555555556
0 0.6953125 0.425 0.04453125 0.133333333333
0 0.35390625 0.604166666667 0.04296875 0.144444444444
0 0.4921875 0.294444444444 0.04296875 0.119444444444
1 0.32421875 0.598611111111 0.03515625 0.161111111111
