1 0.25859375 0.373611111111 0.06171875 0.154166666667
0 0.2828125 0.434722222222 0.05625 0.122222222222
0 0.215625 0.0 0.0546875 0.0972222222222
0 0.559375 0.0333333333333 0.03515625 0.104166666667
1 0.30546875 0.0916666666667 0.04609375 0.113888888889
0 0.26875 0.376388888889 0.04765625 0.136111111111
0 0.390625 0.691666666667 0.0609375 0.138888888889
1 0.5859375 0.3125 0.040625 0.151388888889
1 0.50546875 0.570833333333 0.03671875 0.138888888889
0 0.29609375 0.697222222222 0.03046875 0.156944444444
0 0.40859375 0.0 0.053125 0.0888888888889
