1 0.0515625 0.344444444444 0.05 0.106944444444
1 0.20625 0.251388888889 0.0546875 0.111111111111
1 0.496875 0.395833333333 0.04140625 0.118055555556
1 0.62421875 0.423611111111 0.05859375 0.127777777778
1 0.690625 0.515277777778 0.05703125 0.1375
0 0.1234375 0.213888888889 0.0390625 0.122222222222
0 0.17578125 0.302777777778 0.05234375 0.138888888889
0 0.74921875 0.511111111111 0.046875 0.122222222222
0 0.265625 0.213888888889 0.04296875 0.111111111111
0 0.5125 0.454166666667 0.0390625 0.130555555556
0 0.60703125 0.422222222222 0.0421875 0.126388888889
0 0.321875 0.590277777778 0.04296875 0.144444444444
0 0.44140625 0.316666666667 0.04296875 0.119444444444
1 0.27578125 0.570833333333 0.02421875 0.169444444444
