1 0.1375 0.356944444444 0.04296875 0.0916666666667
1 0.42734375 0.355555555556 0.06328125 0.1625
1 0.3296875 0.426388888889 0.04375 0.123611111111
1 0.6046875 0.506944444444 0.04765625 0.1375
1 0.48203125 0.830555555556 0.10546875 0.320833333333
0 0.18984375 0.309722222222 0.03515625 0.118055555556
0 0.19453125 0.409722222222 0.05234375 0.138888888889
0 0.63046875 0.497222222222 0.0484375 0.141666666667
0 0.44609375 0.369444444444 0.0546875 0.116666666667
0 0.459375 0.504166666667 0.0359375 0.119444444444
0 0.6453125 0.594444444444 0.065625 0.195833333333
0 0.20703125 0.666666666667 0.05234375 0.175
0 0.52578125 0.448611111111 0.04921875 0.152777777778
