0 0.5 0.448611111111 0.0640625 0.145833333333
1 0.6359375 0.363888888889 0.040625 0.190277777778
1 0.54765625 0.476388888889 0.03125 0.163888888889
0 0.5078125 0.416666666667 0.0359375 0.184722222222
0 0.509375 0.4125 0.0390625 0.145833333333
0 0.36640625 0.409722222222 0.06484375 0.176388888889
1 0.52578125 0.477777777778 0.0640625 0.155555555556
0 0.87578125 0.381944444444 0.02421875 0.119444444444
1 0.78984375 0.440277777778 0.0328125 0.106944444444
0 0.4125 0.473611111111 0.03046875 0.129166666667
0 0.5921875 0.429166666667 0.03515625 0.145833333333
0 0.41171875 0.526388888889 0.040625 0.0805555555556
0 0.7921875 0.779166666667 0.06875 0.219444444444
1 0.753125 0.708333333333 0.0578125 0.220833333333
1 0.9296875 0.520833333333 0.04453125 0.158333333333
