1 0.1703125 0.294444444444 0.05078125 0.126388888889
0 0.209375 0.265277777778 0.05390625 0.116666666667
0 0.3859375 -0.0291666666667 0.0609375 0.108333333333
0 0.61484375 -0.0541666666667 0.03203125 0.0944444444444
1 0.51875 -0.0458333333333 0.034375 0.0847222222222
0 0.41875 0.306944444444 0.0390625 0.1125
0 0.59375 0.415277777778 0.05234375 0.119444444444
1 0.72421875 0.115277777778 0.0421875 0.159722222222
1 0.746875 0.490277777778 0.04921875 0.184722222222
0 0.815625 0.551388888889 0.02265625 0.116666666667
