1 0.596875 0.3375 0.04375 0.109722222222
0 0.5109375 0.4375 0.05859375 0.168055555556
0 0.58046875 0.363888888889 0.071875 0.127777777778
0 0.5109375 0.466666666667 0.05234375 0.148611111111
0 0.359375 0.359722222222 0.040625 0.177777777778
1 0.6484375 0.520833333333 0.04140625 0.119444444444
1 0.6796875 0.526388888889 0.06484375 0.15
0 0.73828125 0.197222222222 0.04453125 0.148611111111
1 0.78984375 0.330555555556 0.06171875 0.148611111111
0 0.63125 0.419444444444 0.04453125 0.119444444444
0 0.60625 0.518055555556 0.03046875 0.120833333333
