1 0.1828125 0.276388888889 0.04609375 0.115277777778
0 0.20234375 0.240277777778 0.0515625 0.111111111111
0 0.4015625 -0.025 0.0609375 0.108333333333
0 0.61796875 -0.0666666666667 0.03515625 0.104166666667
1 0.53828125 -0.0361111111111 0.034375 0.0847222222222
0 0.45859375 0.276388888889 0.0390625 0.1125
0 0.64609375 0.380555555556 0.05234375 0.119444444444
1 0.75546875 0.125 0.040625 0.151388888889
1 0.821875 0.4625 0.04921875 0.184722222222
0 0.89140625 0.516666666667 0.0234375 0.123611111111
