1 0.11953125 0.327777777778 0.04765625 0.101388888889
1 0.29453125 0.227777777778 0.0296875 0.105555555556
1 0.50546875 0.384722222222 0.04375 0.123611111111
1 0.703125 0.398611111111 0.0671875 0.148611111111
1 0.67578125 0.522222222222 0.05703125 0.1375
0 0.2078125 0.193055555556 0.03046875 0.0958333333333
0 0.24921875 0.306944444444 0.0453125 0.115277777778
0 0.82578125 0.509722222222 0.05703125 0.148611111111
0 0.34296875 0.193055555556 0.0375 0.0958333333333
0 0.55625 0.441666666667 0.0390625 0.130555555556
0 0.71015625 0.398611111111 0.04921875 0.145833333333
0 0.353125 0.611111111111 0.04296875 0.144444444444
0 0.50390625 0.290277777778 0.04296875 0.119444444444
1 0.33046875 0.611111111111 0.03359375 0.152777777778
