0 0.46875 0.423611111111 0.07109375 0.161111111111
1 0.59296875 0.373611111111 0.03359375 0.155555555556
1 0.56640625 0.465277777778 0.03125 0.163888888889
0 0.4625 0.386111111111 0.04140625 0.213888888889
0 0.46640625 0.401388888889 0.0390625 0.145833333333
0 0.32578125 0.375 0.05625 0.152777777778
1 0.49140625 0.436111111111 0.05546875 0.134722222222
0 0.86015625 0.354166666667 0.028125 0.138888888889
1 0.79921875 0.401388888889 0.034375 0.1125
0 0.63046875 0.459722222222 0.02890625 0.123611111111
0 0.69765625 0.422222222222 0.03515625 0.145833333333
