1 0.03203125 0.377777777778 0.05234375 0.111111111111
1 0.1875 0.294444444444 0.0546875 0.111111111111
1 0.4984375 0.413888888889 0.04375 0.123611111111
1 0.5890625 0.475 0.05859375 0.127777777778
1 0.65390625 0.563888888889 0.06015625 0.144444444444
0 0.09765625 0.255555555556 0.0390625 0.122222222222
0 0.1578125 0.3625 0.04765625 0.125
0 0.6828125 0.538888888889 0.0421875 0.111111111111
0 0.24765625 0.258333333333 0.04765625 0.122222222222
0 0.5140625 0.5 0.04140625 0.1375
0 0.5515625 0.479166666667 0.0421875 0.126388888889
0 0.20234375 0.606944444444 0.04296875 0.144444444444
0 0.42109375 0.356944444444 0.05 0.138888888889
1 0.15625 0.588888888889 0.02421875 0.169444444444
