1 0.13203125 0.336111111111 0.04765625 0.101388888889
1 0.31640625 0.226388888889 0.028125 0.101388888889
1 0.50546875 0.390277777778 0.04375 0.123611111111
1 0.72265625 0.401388888889 0.0640625 0.141666666667
1 0.65546875 0.526388888889 0.05703125 0.1375
0 0.22421875 0.190277777778 0.03203125 0.101388888889
0 0.2671875 0.304166666667 0.0453125 0.115277777778
0 0.83359375 0.520833333333 0.05703125 0.148611111111
0 0.36171875 0.1875 0.0375 0.0958333333333
0 0.5609375 0.441666666667 0.0390625 0.130555555556
0 0.753125 0.393055555556 0.0421875 0.126388888889
0 0.34453125 0.613888888889 0.0453125 0.151388888889
0 0.51484375 0.2875 0.04296875 0.119444444444
1 0.32734375 0.623611111111 0.03359375 0.152777777778
