0 0.5015625 0.441666666667 0.0671875 0.154166666667
1 0.625 0.363888888889 0.04296875 0.2
1 0.54296875 0.477777777778 0.03125 0.163888888889
0 0.51328125 0.415277777778 0.0359375 0.184722222222
0 0.51171875 0.402777777778 0.04296875 0.159722222222
0 0.3671875 0.4 0.06875 0.186111111111
1 0.5171875 0.473611111111 0.0640625 0.155555555556
0 0.871875 0.379166666667 0.02421875 0.119444444444
1 0.77734375 0.440277777778 0.034375 0.1125
0 0.38984375 0.426388888889 0.03515625 0.15
0 0.584375 0.429166666667 0.03515625 0.145833333333
0 0.38984375 0.523611111111 0.040625 0.0805555555556
0 0.7859375 0.769444444444 0.071875 0.230555555556
1 0.69453125 0.697222222222 0.05234375 0.2
1 0.87578125 0.525 0.04453125 0.158333333333
