1 0.5546875 0.344444444444 0.04140625 0.104166666667
0 0.5078125 0.422222222222 0.053125 0.152777777778
0 0.55078125 0.377777777778 0.06484375 0.115277777778
0 0.42734375 0.486111111111 0.04921875 0.141666666667
0 0.34765625 0.380555555556 0.03359375 0.147222222222
1 0.5453125 0.436111111111 0.04140625 0.119444444444
1 0.67890625 0.505555555556 0.06484375 0.15
0 0.7265625 0.168055555556 0.04921875 0.163888888889
1 0.74921875 0.313888888889 0.05625 0.134722222222
0 0.775 0.394444444444 0.0421875 0.113888888889
0 0.79765625 0.465277777778 0.02890625 0.115277777778
