0 0.125 0.272222222222 0.0390625 0.1375
1 0.29453125 0.354166666667 0.04375 0.155555555556
0 0.35625 0.388888888889 0.0390625 0.131944444444
0 0.58671875 0.643055555556 0.0546875 0.219444444444
0 0.69296875 0.305555555556 0.034375 0.0944444444444
0 0.7859375 0.365277777778 0.0515625 0.113888888889
1 0.89140625 0.344444444444 0.06015625 0.148611111111
1 0.86796875 0.483333333333 0.0625 0.156944444444
1 0.68203125 0.261111111111 0.025 0.0555555555556
0 0.13984375 0.352777777778 0.03046875 0.1375
1 0.11640625 0.255555555556 0.02421875 0.0944444444444
1 0.01484375 0.497222222222 0.034375 0.180555555556
