0 0.4828125 0.436111111111 0.0640625 0.145833333333
1 0.63359375 0.359722222222 0.0390625 0.180555555556
1 0.553125 0.456944444444 0.034375 0.180555555556
0 0.484375 0.413888888889 0.0328125 0.166666666667
0 0.48515625 0.4125 0.03515625 0.131944444444
0 0.3671875 0.393055555556 0.059375 0.159722222222
1 0.52734375 0.468055555556 0.0640625 0.155555555556
0 0.875 0.376388888889 0.025 0.125
1 0.82421875 0.425 0.0359375 0.118055555556
0 0.5171875 0.4625 0.03203125 0.136111111111
0 0.63046875 0.431944444444 0.03359375 0.138888888889
0 0.43359375 0.493055555556 0.040625 0.0805555555556
0 0.8453125 0.780555555556 0.06875 0.219444444444
1 0.93125 0.718055555556 0.0578125 0.220833333333
