0 0.56328125 0.434722222222 0.07109375 0.161111111111
1 0.57265625 0.391666666667 0.0453125 0.209722222222
1 0.50703125 0.486111111111 0.0328125 0.172222222222
0 0.58671875 0.413888888889 0.0375 0.193055555556
0 0.5484375 0.401388888889 0.04453125 0.168055555556
0 0.384375 0.4125 0.06484375 0.176388888889
1 0.49609375 0.486111111111 0.0640625 0.155555555556
0 0.8984375 0.356944444444 0.028125 0.138888888889
1 0.75 0.445833333333 0.0359375 0.118055555556
0 0.39765625 0.376388888889 0.0453125 0.191666666667
0 0.55390625 0.438888888889 0.0390625 0.161111111111
0 0.334375 0.506944444444 0.05 0.0986111111111
0 0.8203125 0.808333333333 0.071875 0.230555555556
1 0.42265625 0.634722222222 0.05234375 0.2
1 0.60078125 0.531944444444 0.04453125 0.158333333333
1 0.1515625 0.541666666667 0.05859375 0.156944444444
