1 0.20703125 0.406944444444 0.05546875 0.140277777778
0 0.22109375 0.547222222222 0.059375 0.129166666667
0 0.2171875 0.00138888888889 0.0546875 0.0972222222222
0 0.58984375 0.0 0.03203125 0.0944444444444
1 0.34140625 0.0319444444444 0.03828125 0.0930555555556
0 0.22734375 0.397222222222 0.0453125 0.129166666667
0 0.35703125 0.7125 0.0671875 0.152777777778
1 0.58671875 0.276388888889 0.040625 0.151388888889
1 0.528125 0.5875 0.040625 0.152777777778
0 0.315625 0.773611111111 0.03203125 0.165277777778
