1 0.27109375 0.316666666667 0.0390625 0.0833333333333
1 0.4484375 0.388888888889 0.04296875 0.109722222222
1 0.47421875 0.488888888889 0.04609375 0.129166666667
1 0.61953125 0.456944444444 0.04296875 0.125
1 0.559375 0.863888888889 0.06171875 0.1875
0 0.26328125 0.283333333333 0.03203125 0.106944444444
0 0.21484375 0.4 0.0453125 0.119444444444
0 0.78515625 0.525 0.053125 0.156944444444
0 0.46015625 0.355555555556 0.04296875 0.0916666666667
0 0.51015625 0.5875 0.0390625 0.130555555556
0 0.63828125 0.681944444444 0.065625 0.195833333333
0 0.3703125 0.716666666667 0.05 0.166666666667
0 0.553125 0.4375 0.040625 0.125
