1 0.05078125 0.404166666667 0.0453125 0.0958333333333
1 0.2796875 0.35 0.046875 0.129166666667
1 0.3359375 0.401388888889 0.03984375 0.1125
1 0.5515625 0.540277777778 0.0578125 0.166666666667
1 0.58984375 0.711111111111 0.0515625 0.188888888889
0 0.146875 0.309722222222 0.04140625 0.129166666667
0 0.23828125 0.395833333333 0.0453125 0.119444444444
0 0.5515625 0.511111111111 0.075 0.220833333333
0 0.34140625 0.333333333333 0.04296875 0.111111111111
0 0.546875 0.525 0.0359375 0.119444444444
0 0.58125 0.538888888889 0.05390625 0.161111111111
0 0.1515625 0.615277777778 0.05 0.166666666667
0 0.4640625 0.4 0.04765625 0.131944444444
