1 0.05390625 0.386111111111 0.03984375 0.1
1 0.22265625 0.230555555556 0.03515625 0.101388888889
0 0.1796875 0.366666666667 0.05390625 0.116666666667
0 0.4234375 0.447222222222 0.04765625 0.134722222222
0 0.4375 0.25 0.04140625 0.106944444444
1 0.58671875 0.247222222222 0.03359375 0.0819444444444
0 0.609375 0.293055555556 0.01875 0.0541666666667
0 0.6453125 0.380555555556 0.03046875 0.0902777777778
0 0.78359375 0.2375 0.04609375 0.123611111111
1 0.88671875 0.2125 0.0375 0.113888888889
1 0.8875 0.301388888889 0.0328125 0.0930555555556
1 0.8328125 0.466666666667 0.0390625 0.143055555556
1 0.5375 0.384722222222 0.04375 0.108333333333
0 0.690625 0.520833333333 0.040625 0.118055555556
0 0.92890625 0.556944444444 0.05078125 0.143055555556
