1 0.07734375 0.420833333333 0.0375 0.0944444444444
1 0.25078125 0.240277777778 0.03515625 0.101388888889
0 0.2015625 0.398611111111 0.04921875 0.105555555556
0 0.44296875 0.401388888889 0.0578125 0.102777777778
0 0.471875 0.255555555556 0.04140625 0.106944444444
1 0.6203125 0.25 0.03359375 0.0819444444444
0 0.61328125 0.286111111111 0.021875 0.0625
0 0.59765625 0.376388888889 0.03046875 0.0902777777778
0 0.8 0.234722222222 0.04375 0.118055555556
1 0.9 0.220833333333 0.034375 0.102777777778
1 0.915625 0.297222222222 0.0328125 0.0930555555556
1 0.88671875 0.459722222222 0.0390625 0.143055555556
1 0.509375 0.365277777778 0.0421875 0.102777777778
0 0.71015625 0.515277777778 0.04296875 0.123611111111
0 0.94609375 0.545833333333 0.05078125 0.143055555556
