0 0.43984375 0.290277777778 0.03671875 0.130555555556
1 0.75390625 0.358333333333 0.04609375 0.163888888889
0 0.75234375 0.361111111111 0.04765625 0.159722222222
0 0.7 0.361111111111 0.02421875 0.108333333333
1 0.41640625 0.273611111111 0.02578125 0.0986111111111
1 0.453125 0.531944444444 0.0328125 0.172222222222
0 0.32265625 0.440277777778 0.028125 0.144444444444
0 0.2140625 0.579166666667 0.0375 0.1375
0 0.040625 0.730555555556 0.0671875 0.204166666667
1 0.0203125 0.65 0.078125 0.190277777778
