1 0.59453125 0.243055555556 0.046875 0.147222222222
0 0.26328125 0.2125 0.0828125 0.180555555556
0 0.61953125 0.225 0.04296875 0.126388888889
1 0.36015625 0.00833333333333 0.04609375 0.113888888889
0 0.36875 0.347222222222 0.0453125 0.129166666667
0 0.5546875 0.366666666667 0.05546875 0.125
1 0.646875 0.180555555556 0.0515625 0.193055555556
0 0.3296875 0.477777777778 0.03671875 0.190277777778
0 0.4140625 0.184722222222 0.05859375 0.0986111111111
0 0.45234375 0.315277777778 0.06015625 0.169444444444
