1 0.03984375 0.402777777778 0.04765625 0.101388888889
1 0.196875 0.318055555556 0.0546875 0.111111111111
1 0.47265625 0.423611111111 0.03984375 0.1125
1 0.53359375 0.4875 0.0703125 0.202777777778
1 0.60546875 0.613888888889 0.06640625 0.159722222222
0 0.109375 0.284722222222 0.04140625 0.129166666667
0 0.165625 0.390277777778 0.04765625 0.125
0 0.65625 0.526388888889 0.06171875 0.181944444444
0 0.2625 0.286111111111 0.04765625 0.122222222222
0 0.5328125 0.513888888889 0.04375 0.144444444444
0 0.6625 0.547222222222 0.0421875 0.126388888889
0 0.16484375 0.598611111111 0.04765625 0.158333333333
0 0.46640625 0.397222222222 0.053125 0.145833333333
1 0.10703125 0.640277777778 0.02421875 0.169444444444
