1 0.60703125 0.341666666667 0.04375 0.109722222222
0 0.5046875 0.423611111111 0.05859375 0.168055555556
0 0.58203125 0.352777777778 0.07890625 0.140277777778
0 0.50859375 0.426388888889 0.0578125 0.163888888889
0 0.35078125 0.344444444444 0.040625 0.177777777778
1 0.640625 0.530555555556 0.04140625 0.119444444444
1 0.6765625 0.526388888889 0.06484375 0.15
0 0.73671875 0.188888888889 0.0421875 0.141666666667
1 0.78359375 0.330555555556 0.06171875 0.148611111111
0 0.615625 0.397222222222 0.04453125 0.119444444444
0 0.5765625 0.526388888889 0.03203125 0.126388888889
