1 0.1828125 0.276388888889 0.04609375 0.115277777778
0 0.2015625 0.243055555556 0.0515625 0.111111111111
0 0.40234375 -0.00138888888889 0.0578125 0.102777777778
0 0.61953125 -0.0638888888889 0.03515625 0.104166666667
1 0.54140625 -0.0388888888889 0.0359375 0.0888888888889
0 0.465625 0.273611111111 0.0390625 0.1125
0 0.65234375 0.376388888889 0.05234375 0.119444444444
1 0.75859375 0.127777777778 0.040625 0.151388888889
1 0.8328125 0.461111111111 0.04921875 0.184722222222
0 0.90078125 0.520833333333 0.0234375 0.123611111111
