1 0.5234375 0.251388888889 0.05390625 0.170833333333
0 0.2703125 0.241666666667 0.071875 0.155555555556
0 0.58828125 0.176388888889 0.0453125 0.133333333333
1 0.36640625 0.0236111111111 0.04609375 0.113888888889
0 0.390625 0.355555555556 0.0453125 0.129166666667
0 0.5484375 0.379166666667 0.0578125 0.131944444444
1 0.63828125 0.194444444444 0.046875 0.175
0 0.33984375 0.493055555556 0.03515625 0.181944444444
0 0.428125 0.158333333333 0.05859375 0.0986111111111
0 0.46953125 0.330555555556 0.05703125 0.161111111111
