0 0.55234375 0.401388888889 0.05546875 0.126388888889
1 0.54453125 0.361111111111 0.02734375 0.129166666667
1 0.52578125 0.445833333333 0.0328125 0.172222222222
0 0.5609375 0.379166666667 0.0296875 0.151388888889
0 0.51015625 0.373611111111 0.040625 0.152777777778
0 0.2625 0.393055555556 0.05390625 0.145833333333
1 0.3296875 0.448611111111 0.04140625 0.1
0 0.9375 0.358333333333 0.0265625 0.131944444444
1 0.84921875 0.420833333333 0.03125 0.101388888889
0 0.9359375 0.491666666667 0.03359375 0.143055555556
