0 0.5109375 0.408333333333 0.0609375 0.138888888889
1 0.5765625 0.379166666667 0.03203125 0.148611111111
1 0.5375 0.456944444444 0.03125 0.163888888889
0 0.5265625 0.395833333333 0.028125 0.144444444444
0 0.5265625 0.380555555556 0.0390625 0.145833333333
0 0.31875 0.376388888889 0.05390625 0.145833333333
1 0.4125 0.447222222222 0.04296875 0.105555555556
0 0.9140625 0.3625 0.0265625 0.131944444444
1 0.796875 0.415277777778 0.03125 0.101388888889
0 0.82734375 0.466666666667 0.03515625 0.15
0 0.91484375 0.445833333333 0.03046875 0.126388888889
