1 0.59609375 0.248611111111 0.046875 0.147222222222
0 0.26484375 0.211111111111 0.0828125 0.180555555556
0 0.6203125 0.230555555556 0.04296875 0.126388888889
1 0.36015625 0.00972222222222 0.04609375 0.113888888889
0 0.36796875 0.347222222222 0.0453125 0.129166666667
0 0.55546875 0.368055555556 0.05546875 0.125
1 0.646875 0.183333333333 0.04921875 0.184722222222
0 0.32890625 0.477777777778 0.03671875 0.190277777778
0 0.4125 0.186111111111 0.05859375 0.0986111111111
0 0.45234375 0.315277777778 0.06015625 0.169444444444
