0 0.51953125 0.401388888889 0.0609375 0.138888888889
1 0.5765625 0.376388888889 0.03203125 0.148611111111
1 0.53515625 0.459722222222 0.03125 0.163888888889
0 0.53203125 0.386111111111 0.028125 0.144444444444
0 0.5375 0.376388888889 0.0390625 0.145833333333
0 0.3234375 0.379166666667 0.05390625 0.145833333333
1 0.40390625 0.448611111111 0.04296875 0.105555555556
0 0.9171875 0.363888888889 0.0265625 0.131944444444
1 0.79921875 0.419444444444 0.03125 0.101388888889
0 0.8390625 0.477777777778 0.03515625 0.15
0 0.9296875 0.434722222222 0.03203125 0.131944444444
