0 0.56953125 0.304166666667 0.03515625 0.125
1 0.93125 0.370833333333 0.04609375 0.163888888889
0 0.928125 0.379166666667 0.0453125 0.152777777778
0 0.87578125 0.368055555556 0.02421875 0.108333333333
1 0.53984375 0.270833333333 0.03125 0.120833333333
1 0.596875 0.555555555556 0.034375 0.180555555556
0 0.471875 0.448611111111 0.0265625 0.1375
0 0.34453125 0.565277777778 0.040625 0.152777777778
0 0.1671875 0.702777777778 0.05234375 0.159722222222
1 0.1546875 0.656944444444 0.0671875 0.163888888889
