1 0.0453125 0.404166666667 0.04765625 0.101388888889
1 0.203125 0.323611111111 0.0546875 0.148611111111
1 0.4578125 0.425 0.03984375 0.1125
1 0.53828125 0.509722222222 0.0640625 0.183333333333
1 0.60234375 0.643055555556 0.06015625 0.219444444444
0 0.11484375 0.2875 0.04140625 0.129166666667
0 0.17421875 0.394444444444 0.04765625 0.125
0 0.634375 0.525 0.06171875 0.181944444444
0 0.2703125 0.291666666667 0.04765625 0.122222222222
0 0.53671875 0.525 0.0390625 0.130555555556
0 0.6421875 0.541666666667 0.04453125 0.133333333333
0 0.1640625 0.604166666667 0.04765625 0.158333333333
0 0.43515625 0.390277777778 0.05546875 0.152777777778
1 0.08828125 0.630555555556 0.0265625 0.186111111111
