0 0.60859375 0.304166666667 0.03671875 0.130555555556
1 0.971875 0.390277777778 0.04375 0.155555555556
0 0.9703125 0.394444444444 0.04296875 0.145833333333
0 0.92890625 0.361111111111 0.021875 0.0972222222222
1 0.57890625 0.268055555556 0.034375 0.133333333333
1 0.6328125 0.544444444444 0.0359375 0.188888888889
0 0.52265625 0.438888888889 0.028125 0.144444444444
0 0.38515625 0.561111111111 0.040625 0.152777777778
0 0.2 0.683333333333 0.05234375 0.159722222222
1 0.1921875 0.65 0.0671875 0.163888888889
