1 0.19140625 0.325 0.04140625 0.104166666667
1 0.40078125 0.0652777777778 0.046875 0.136111111111
0 0.28046875 0.306944444444 0.04453125 0.0958333333333
0 0.52890625 0.223611111111 0.05234375 0.0930555555556
0 0.62734375 0.0736111111111 0.04140625 0.106944444444
1 0.765625 0.105555555556 0.03203125 0.0777777777778
0 0.73125 0.15 0.02109375 0.0597222222222
0 0.69140625 0.226388888889 0.03046875 0.0902777777778
1 0.6484375 0.195833333333 0.03984375 0.0986111111111
0 0.7953125 0.390277777778 0.03203125 0.0916666666667
