0 0.50078125 0.447222222222 0.0640625 0.145833333333
1 0.6328125 0.365277777778 0.040625 0.190277777778
1 0.54765625 0.476388888889 0.03125 0.163888888889
0 0.509375 0.416666666667 0.0359375 0.184722222222
0 0.509375 0.406944444444 0.040625 0.152777777778
0 0.36484375 0.408333333333 0.06484375 0.176388888889
1 0.5234375 0.476388888889 0.0640625 0.155555555556
0 0.87421875 0.379166666667 0.02421875 0.119444444444
1 0.7859375 0.440277777778 0.0328125 0.106944444444
0 0.4046875 0.461111111111 0.03203125 0.136111111111
0 0.5890625 0.430555555556 0.03515625 0.145833333333
0 0.4109375 0.523611111111 0.040625 0.0805555555556
0 0.7890625 0.779166666667 0.06875 0.219444444444
1 0.740625 0.719444444444 0.05234375 0.2
1 0.9125 0.518055555556 0.04453125 0.158333333333
