1 0.0796875 0.373611111111 0.0453125 0.0958333333333
1 0.3625 0.363888888889 0.0390625 0.1375
1 0.27265625 0.418055555556 0.04375 0.123611111111
1 0.59140625 0.5125 0.05 0.144444444444
1 0.4734375 0.823611111111 0.05859375 0.265277777778
0 0.1453125 0.298611111111 0.04296875 0.143055555556
0 0.18125 0.384722222222 0.04765625 0.125
0 0.59921875 0.497222222222 0.05078125 0.15
0 0.39609375 0.344444444444 0.05234375 0.111111111111
0 0.4484375 0.515277777778 0.0328125 0.108333333333
0 0.61015625 0.563888888889 0.05625 0.169444444444
0 0.1484375 0.659722222222 0.05234375 0.175
0 0.49296875 0.4375 0.046875 0.116666666667
