1 0.03203125 0.388888888889 0.05234375 0.111111111111
1 0.18984375 0.302777777778 0.0546875 0.111111111111
1 0.49140625 0.418055555556 0.04375 0.123611111111
1 0.58046875 0.488888888889 0.05546875 0.122222222222
1 0.63203125 0.572222222222 0.06640625 0.159722222222
0 0.09921875 0.266666666667 0.04140625 0.129166666667
0 0.15703125 0.372222222222 0.04765625 0.125
0 0.67421875 0.531944444444 0.046875 0.122222222222
0 0.25 0.272222222222 0.04765625 0.122222222222
0 0.52109375 0.508333333333 0.0390625 0.130555555556
0 0.54375 0.4875 0.0421875 0.126388888889
0 0.1828125 0.608333333333 0.04765625 0.158333333333
0 0.4203125 0.365277777778 0.05 0.138888888889
1 0.13828125 0.616666666667 0.02421875 0.169444444444
