0 0.4859375 0.440277777778 0.0640625 0.145833333333
1 0.6375 0.361111111111 0.0390625 0.180555555556
1 0.553125 0.455555555556 0.034375 0.180555555556
0 0.490625 0.418055555556 0.0328125 0.166666666667
0 0.48984375 0.425 0.03515625 0.131944444444
0 0.36875 0.405555555556 0.05625 0.152777777778
1 0.5328125 0.466666666667 0.0640625 0.155555555556
0 0.8765625 0.380555555556 0.025 0.125
1 0.8203125 0.430555555556 0.0359375 0.118055555556
0 0.50078125 0.455555555556 0.03203125 0.136111111111
0 0.62734375 0.429166666667 0.03359375 0.138888888889
0 0.43203125 0.497222222222 0.040625 0.0805555555556
0 0.83359375 0.769444444444 0.071875 0.230555555556
1 0.90859375 0.716666666667 0.0578125 0.220833333333
