1 0.12890625 0.441666666667 0.05078125 0.126388888889
0 0.178125 0.477777777778 0.0625 0.134722222222
0 0.28046875 0.00138888888889 0.0609375 0.108333333333
0 0.61875 -0.0444444444444 0.03046875 0.0902777777778
1 0.43671875 -0.0319444444444 0.0296875 0.0736111111111
0 0.30625 0.483333333333 0.040625 0.118055555556
0 0.40703125 0.663888888889 0.0640625 0.145833333333
1 0.6640625 0.230555555556 0.04453125 0.166666666667
1 0.54140625 0.570833333333 0.0421875 0.159722222222
0 0.471875 0.733333333333 0.02734375 0.143055555556
