0 0.31015625 0.279166666667 0.0390625 0.1375
1 0.58671875 0.356944444444 0.03984375 0.141666666667
0 0.58515625 0.363888888889 0.04296875 0.145833333333
0 0.85546875 0.663888888889 0.0609375 0.241666666667
1 0.9 0.279166666667 0.025 0.0555555555556
0 0.50625 0.344444444444 0.02890625 0.130555555556
1 0.2921875 0.268055555556 0.02421875 0.0944444444444
1 0.3078125 0.518055555556 0.034375 0.180555555556
0 0.159375 0.444444444444 0.028125 0.144444444444
0 0.0578125 0.576388888889 0.040625 0.152777777778
