1 0.1890625 0.347222222222 0.04296875 0.0916666666667
1 0.47109375 0.398611111111 0.05 0.126388888889
1 0.39375 0.456944444444 0.04609375 0.129166666667
1 0.5875 0.5 0.0453125 0.130555555556
1 0.51171875 0.906944444444 0.08671875 0.263888888889
0 0.22109375 0.311111111111 0.0390625 0.129166666667
0 0.20546875 0.434722222222 0.0453125 0.119444444444
0 0.684375 0.495833333333 0.053125 0.156944444444
0 0.471875 0.379166666667 0.05234375 0.111111111111
0 0.48671875 0.534722222222 0.04140625 0.1375
0 0.6734375 0.669444444444 0.065625 0.195833333333
0 0.27421875 0.706944444444 0.05546875 0.183333333333
0 0.5390625 0.475 0.03671875 0.113888888889
