0 0.26171875 0.290277777778 0.03515625 0.125
1 0.50390625 0.351388888889 0.0375 0.134722222222
0 0.50859375 0.370833333333 0.0375 0.125
0 0.76171875 0.643055555556 0.0671875 0.265277777778
0 0.8734375 0.322222222222 0.034375 0.0944444444444
0 0.921875 0.370833333333 0.05390625 0.119444444444
1 0.82421875 0.269444444444 0.025 0.0555555555556
0 0.4171875 0.351388888889 0.02890625 0.130555555556
1 0.23984375 0.263888888889 0.02421875 0.0944444444444
1 0.22578125 0.504166666667 0.034375 0.180555555556
0 0.07890625 0.434722222222 0.028125 0.144444444444
