0 0.46640625 0.423611111111 0.07109375 0.161111111111
1 0.59609375 0.366666666667 0.03671875 0.172222222222
1 0.56328125 0.466666666667 0.03125 0.163888888889
0 0.4578125 0.390277777778 0.04140625 0.213888888889
0 0.459375 0.405555555556 0.04296875 0.159722222222
0 0.35625 0.383333333333 0.05625 0.152777777778
1 0.4984375 0.448611111111 0.05234375 0.127777777778
0 0.85546875 0.358333333333 0.028125 0.138888888889
1 0.80390625 0.405555555556 0.034375 0.1125
0 0.60234375 0.452777777778 0.02734375 0.118055555556
0 0.6734375 0.434722222222 0.03359375 0.138888888889
0 0.396875 0.493055555556 0.04296875 0.0847222222222
