1 0.12734375 0.355555555556 0.05078125 0.126388888889
0 0.184375 0.413888888889 0.059375 0.129166666667
0 0.31015625 -0.00138888888889 0.0609375 0.108333333333
0 0.6171875 -0.0416666666667 0.02890625 0.0861111111111
1 0.4640625 -0.0402777777778 0.03125 0.0777777777778
0 0.33203125 0.425 0.040625 0.118055555556
0 0.46015625 0.581944444444 0.0578125 0.131944444444
1 0.6734375 0.201388888889 0.040625 0.151388888889
1 0.546875 0.629166666667 0.046875 0.176388888889
0 0.56328125 0.669444444444 0.0265625 0.136111111111
