1 0.05625 0.334722222222 0.05 0.106944444444
1 0.2140625 0.241666666667 0.0578125 0.116666666667
1 0.49609375 0.388888888889 0.04140625 0.118055555556
1 0.6359375 0.422222222222 0.05859375 0.127777777778
1 0.690625 0.515277777778 0.05703125 0.1375
0 0.1328125 0.213888888889 0.0375 0.116666666667
0 0.18359375 0.295833333333 0.05234375 0.138888888889
0 0.765625 0.511111111111 0.046875 0.122222222222
0 0.27265625 0.2125 0.04296875 0.111111111111
0 0.51796875 0.458333333333 0.0390625 0.130555555556
0 0.6203125 0.423611111111 0.03984375 0.120833333333
0 0.3296875 0.583333333333 0.04296875 0.144444444444
0 0.446875 0.3125 0.04296875 0.119444444444
1 0.28828125 0.586111111111 0.021875 0.152777777778
