0 0.51328125 0.441666666667 0.0671875 0.154166666667
1 0.609375 0.363888888889 0.0453125 0.209722222222
1 0.52890625 0.480555555556 0.0328125 0.172222222222
0 0.52578125 0.419444444444 0.034375 0.175
0 0.52421875 0.401388888889 0.040625 0.152777777778
0 0.36796875 0.401388888889 0.06875 0.186111111111
1 0.51015625 0.472222222222 0.0640625 0.155555555556
0 0.87109375 0.369444444444 0.025 0.125
1 0.76015625 0.441666666667 0.0359375 0.118055555556
0 0.3875 0.369444444444 0.04296875 0.181944444444
0 0.57578125 0.429166666667 0.03515625 0.145833333333
0 0.3609375 0.5125 0.04296875 0.0847222222222
0 0.78515625 0.779166666667 0.06875 0.219444444444
1 0.60390625 0.675 0.05234375 0.2
1 0.784375 0.534722222222 0.04453125 0.158333333333
