1 0.05234375 0.4 0.0453125 0.0958333333333
1 0.265625 0.347222222222 0.0515625 0.141666666667
1 0.36484375 0.408333333333 0.0375 0.106944444444
1 0.55 0.526388888889 0.0671875 0.193055555556
1 0.5953125 0.686111111111 0.0546875 0.198611111111
0 0.1421875 0.304166666667 0.04140625 0.129166666667
0 0.23046875 0.390277777778 0.0453125 0.119444444444
0 0.56171875 0.516666666667 0.075 0.220833333333
0 0.3265625 0.323611111111 0.04296875 0.111111111111
0 0.5453125 0.526388888889 0.04375 0.144444444444
0 0.58046875 0.544444444444 0.05390625 0.161111111111
0 0.15859375 0.605555555556 0.05 0.166666666667
0 0.45078125 0.398611111111 0.04375 0.119444444444
