1 0.20234375 0.569444444444 0.0546875 0.170833333333
1 0.296875 0.454166666667 0.0390625 0.118055555556
1 0.48984375 0.4125 0.0421875 0.143055555556
1 0.65546875 0.379166666667 0.04140625 0.129166666667
1 0.865625 0.559722222222 0.05625 0.161111111111
0 0.3703125 0.406944444444 0.0375 0.119444444444
0 0.38984375 0.451388888889 0.0421875 0.122222222222
0 0.53359375 0.297222222222 0.034375 0.0972222222222
0 0.56875 0.495833333333 0.0390625 0.118055555556
0 0.61484375 0.595833333333 0.0421875 0.144444444444
0 0.68828125 0.347222222222 0.03046875 0.0972222222222
0 0.809375 0.395833333333 0.0421875 0.145833333333
0 0.965625 0.494444444444 0.03359375 0.136111111111
