1 0.12890625 0.358333333333 0.04296875 0.0916666666667
1 0.41796875 0.352777777778 0.06328125 0.1625
1 0.3203125 0.427777777778 0.04375 0.123611111111
1 0.60625 0.511111111111 0.04765625 0.1375
1 0.47890625 0.826388888889 0.10078125 0.305555555556
0 0.18203125 0.297222222222 0.03671875 0.123611111111
0 0.19296875 0.390277777778 0.05234375 0.138888888889
0 0.6265625 0.497222222222 0.0484375 0.141666666667
0 0.44453125 0.368055555556 0.05234375 0.111111111111
0 0.45546875 0.504166666667 0.0359375 0.119444444444
0 0.640625 0.5875 0.065625 0.195833333333
0 0.196875 0.663888888889 0.05234375 0.175
0 0.51875 0.4375 0.05390625 0.168055555556
