0 0.50546875 0.4375 0.0671875 0.154166666667
1 0.6203125 0.372222222222 0.040625 0.190277777778
1 0.53515625 0.477777777778 0.0328125 0.172222222222
0 0.51796875 0.409722222222 0.0359375 0.184722222222
0 0.5171875 0.406944444444 0.040625 0.152777777778
0 0.3671875 0.411111111111 0.06875 0.186111111111
1 0.51328125 0.473611111111 0.0640625 0.155555555556
0 0.871875 0.372222222222 0.02421875 0.119444444444
1 0.76953125 0.4375 0.034375 0.1125
0 0.3796875 0.418055555556 0.040625 0.173611111111
0 0.58046875 0.429166666667 0.03515625 0.145833333333
0 0.36796875 0.536111111111 0.0390625 0.0763888888889
0 0.784375 0.768055555556 0.071875 0.230555555556
1 0.65546875 0.690277777778 0.05 0.190277777778
1 0.8328125 0.525 0.04453125 0.158333333333
