1 0.04609375 0.406944444444 0.04765625 0.101388888889
1 0.20703125 0.325 0.0546875 0.148611111111
1 0.44375 0.420833333333 0.03984375 0.1125
1 0.540625 0.509722222222 0.0640625 0.183333333333
1 0.6 0.654166666667 0.0546875 0.198611111111
0 0.12109375 0.295833333333 0.0390625 0.122222222222
0 0.1828125 0.397222222222 0.0453125 0.119444444444
0 0.61875 0.538888888889 0.06171875 0.181944444444
0 0.2765625 0.298611111111 0.04765625 0.122222222222
0 0.53671875 0.530555555556 0.04140625 0.1375
0 0.63125 0.559722222222 0.046875 0.138888888889
0 0.1625 0.602777777778 0.04765625 0.158333333333
0 0.428125 0.390277777778 0.05546875 0.152777777778
1 0.07265625 0.644444444444 0.028125 0.195833333333
