1 0.1796875 0.345833333333 0.04296875 0.0916666666667
1 0.4671875 0.3875 0.05234375 0.133333333333
1 0.3796875 0.444444444444 0.04609375 0.129166666667
1 0.5921875 0.505555555556 0.04140625 0.118055555556
1 0.503125 0.883333333333 0.09140625 0.276388888889
0 0.21796875 0.320833333333 0.03515625 0.118055555556
0 0.20546875 0.423611111111 0.04765625 0.125
0 0.66796875 0.491666666667 0.053125 0.156944444444
0 0.4671875 0.381944444444 0.05234375 0.111111111111
0 0.47890625 0.516666666667 0.04140625 0.1375
0 0.67421875 0.652777777778 0.065625 0.195833333333
0 0.25859375 0.693055555556 0.05546875 0.183333333333
0 0.54140625 0.473611111111 0.03828125 0.119444444444
