0 0.078125 0.272222222222 0.0390625 0.1375
1 0.2265625 0.358333333333 0.04375 0.155555555556
0 0.3125 0.394444444444 0.0375 0.125
0 0.53671875 0.6375 0.05234375 0.208333333333
0 0.64140625 0.304166666667 0.034375 0.0944444444444
0 0.7453125 0.365277777778 0.0515625 0.113888888889
0 0.9734375 0.398611111111 0.06171875 0.159722222222
1 0.840625 0.345833333333 0.06015625 0.148611111111
1 0.81171875 0.480555555556 0.06875 0.173611111111
1 0.6359375 0.259722222222 0.025 0.0555555555556
0 0.05078125 0.361111111111 0.03046875 0.1375
1 0.071875 0.258333333333 0.02421875 0.0944444444444
