1 0.09453125 0.422222222222 0.0359375 0.0902777777778
1 0.26484375 0.233333333333 0.03515625 0.101388888889
0 0.21328125 0.4125 0.04921875 0.105555555556
0 0.45234375 0.388888888889 0.0578125 0.102777777778
0 0.4890625 0.248611111111 0.04140625 0.106944444444
1 0.6390625 0.245833333333 0.03359375 0.0819444444444
0 0.6265625 0.281944444444 0.02109375 0.0597222222222
0 0.6015625 0.368055555556 0.03046875 0.0902777777778
0 0.81640625 0.225 0.04375 0.118055555556
1 0.91328125 0.213888888889 0.034375 0.102777777778
1 0.9328125 0.293055555556 0.03125 0.0875
1 0.91015625 0.4625 0.0375 0.136111111111
1 0.5203125 0.359722222222 0.0421875 0.102777777778
0 0.72265625 0.526388888889 0.0375 0.106944444444
0 0.9609375 0.541666666667 0.05078125 0.143055555556
