1 0.56796875 0.344444444444 0.04375 0.109722222222
0 0.5296875 0.395833333333 0.05625 0.159722222222
0 0.565625 0.383333333333 0.06484375 0.115277777778
0 0.41875 0.448611111111 0.06015625 0.170833333333
0 0.34921875 0.373611111111 0.03359375 0.147222222222
1 0.5265625 0.447222222222 0.04140625 0.119444444444
1 0.67578125 0.4875 0.06484375 0.15
0 0.76875 0.159722222222 0.046875 0.155555555556
1 0.75703125 0.290277777778 0.06171875 0.148611111111
0 0.88046875 0.359722222222 0.046875 0.125
0 0.90078125 0.436111111111 0.02890625 0.115277777778
