0 0.51484375 0.406944444444 0.0609375 0.138888888889
1 0.5765625 0.376388888889 0.03203125 0.148611111111
1 0.53671875 0.458333333333 0.03125 0.163888888889
0 0.5296875 0.391666666667 0.028125 0.144444444444
0 0.53046875 0.381944444444 0.0390625 0.145833333333
0 0.32265625 0.379166666667 0.05390625 0.145833333333
1 0.40859375 0.45 0.04296875 0.105555555556
0 0.91484375 0.368055555556 0.0265625 0.131944444444
1 0.79765625 0.418055555556 0.03125 0.101388888889
0 0.8328125 0.469444444444 0.03515625 0.15
0 0.921875 0.444444444444 0.03046875 0.126388888889
