0 0.071875 0.740277777778 0.0828125 0.113888888889
0 0.33203125 0.558333333333 0.07421875 0.355555555556
0 0.390625 0.558333333333 0.05078125 0.291666666667
1 0.4203125 0.572222222222 0.08125 0.377777777778
1 0.44765625 0.306944444444 0.1453125 0.866666666667
1 0.55625 0.556944444444 0.04921875 0.284722222222
1 0.5453125 0.516666666667 0.07421875 0.383333333333
1 0.56953125 0.563888888889 0.04296875 0.229166666667
0 0.2234375 0.588888888889 0.0609375 0.263888888889
1 0.8046875 0.376388888889 0.05234375 0.431944444444
