1 0.0515625 0.402777777778 0.0453125 0.0958333333333
1 0.3125 0.366666666667 0.040625 0.111111111111
1 0.25703125 0.415277777778 0.04375 0.123611111111
1 0.5671875 0.520833333333 0.05234375 0.151388888889
1 0.4859375 0.765277777778 0.07890625 0.356944444444
0 0.13125 0.315277777778 0.0375 0.116666666667
0 0.1953125 0.406944444444 0.0453125 0.119444444444
0 0.56875 0.516666666667 0.053125 0.156944444444
0 0.359375 0.347222222222 0.04296875 0.111111111111
0 0.48984375 0.529166666667 0.0328125 0.108333333333
0 0.59921875 0.576388888889 0.0515625 0.154166666667
0 0.128125 0.647222222222 0.04765625 0.158333333333
0 0.4875 0.415277777778 0.04140625 0.113888888889
