1 0.04609375 0.398611111111 0.0453125 0.0958333333333
1 0.303125 0.375 0.040625 0.111111111111
1 0.28984375 0.384722222222 0.04609375 0.129166666667
1 0.55703125 0.5375 0.05234375 0.151388888889
1 0.5453125 0.75 0.05703125 0.208333333333
0 0.14375 0.319444444444 0.0390625 0.122222222222
0 0.228125 0.398611111111 0.0453125 0.119444444444
0 0.56171875 0.519444444444 0.06796875 0.2
0 0.35546875 0.347222222222 0.04296875 0.111111111111
0 0.5328125 0.547222222222 0.03125 0.102777777778
0 0.59140625 0.570833333333 0.04921875 0.145833333333
0 0.1359375 0.643055555556 0.04765625 0.158333333333
0 0.4828125 0.413888888889 0.04140625 0.113888888889
