1 0.115625 0.416666666667 0.0359375 0.0902777777778
1 0.29140625 0.219444444444 0.03515625 0.101388888889
0 0.234375 0.413888888889 0.04921875 0.105555555556
0 0.4640625 0.369444444444 0.0546875 0.0972222222222
0 0.515625 0.231944444444 0.04140625 0.106944444444
1 0.665625 0.231944444444 0.03203125 0.0777777777778
0 0.64609375 0.272222222222 0.02109375 0.0597222222222
0 0.6109375 0.356944444444 0.03046875 0.0902777777778
0 0.84296875 0.208333333333 0.04375 0.118055555556
1 0.93515625 0.198611111111 0.0359375 0.108333333333
1 0.9625 0.281944444444 0.028125 0.0805555555556
1 0.946875 0.459722222222 0.03359375 0.123611111111
1 0.5453125 0.344444444444 0.0421875 0.102777777778
0 0.73984375 0.509722222222 0.0375 0.106944444444
