1 0.1015625 0.368055555556 0.0453125 0.0958333333333
1 0.3890625 0.363888888889 0.0390625 0.1375
1 0.2921875 0.416666666667 0.04375 0.123611111111
1 0.603125 0.513888888889 0.05 0.144444444444
1 0.47890625 0.834722222222 0.05859375 0.265277777778
0 0.1625 0.301388888889 0.0390625 0.129166666667
0 0.18671875 0.379166666667 0.05 0.131944444444
0 0.61015625 0.490277777778 0.053125 0.156944444444
0 0.41796875 0.356944444444 0.05234375 0.111111111111
0 0.4515625 0.518055555556 0.0328125 0.108333333333
0 0.6265625 0.584722222222 0.05625 0.169444444444
0 0.16640625 0.661111111111 0.05546875 0.183333333333
0 0.5046875 0.433333333333 0.046875 0.116666666667
