1 0.134375 0.340277777778 0.0453125 0.0958333333333
1 0.31875 0.229166666667 0.028125 0.101388888889
1 0.5046875 0.391666666667 0.04375 0.123611111111
1 0.72265625 0.4 0.0640625 0.141666666667
1 0.6546875 0.533333333333 0.05703125 0.1375
0 0.22578125 0.193055555556 0.03046875 0.0958333333333
0 0.26953125 0.302777777778 0.0453125 0.115277777778
0 0.83359375 0.520833333333 0.05703125 0.148611111111
0 0.3625 0.188888888889 0.0375 0.0958333333333
0 0.56171875 0.441666666667 0.0390625 0.130555555556
0 0.75625 0.393055555556 0.0421875 0.126388888889
0 0.3453125 0.620833333333 0.04296875 0.144444444444
0 0.51640625 0.2875 0.04296875 0.119444444444
1 0.3265625 0.623611111111 0.03359375 0.152777777778
