0 0.5171875 0.434722222222 0.0671875 0.154166666667
1 0.6 0.373611111111 0.0453125 0.209722222222
1 0.52109375 0.479166666667 0.0328125 0.172222222222
0 0.53203125 0.409722222222 0.0359375 0.184722222222
0 0.52890625 0.405555555556 0.040625 0.152777777778
0 0.365625 0.401388888889 0.06875 0.186111111111
1 0.50859375 0.469444444444 0.0640625 0.155555555556
0 0.86953125 0.359722222222 0.028125 0.138888888889
1 0.75234375 0.445833333333 0.03828125 0.123611111111
0 0.3890625 0.379166666667 0.040625 0.173611111111
0 0.571875 0.431944444444 0.03515625 0.145833333333
0 0.35078125 0.508333333333 0.0453125 0.0888888888889
0 0.7890625 0.779166666667 0.06875 0.219444444444
1 0.5609375 0.658333333333 0.0546875 0.209722222222
1 0.7421875 0.522222222222 0.046875 0.166666666667
