0 0.03515625 0.805555555556 0.075 0.102777777778
0 0.278125 0.619444444444 0.0703125 0.338888888889
0 0.31015625 0.647222222222 0.04609375 0.265277777778
1 0.33671875 0.597222222222 0.07734375 0.359722222222
1 0.36953125 0.325 0.16015625 0.955555555556
1 0.4546875 0.668055555556 0.0515625 0.298611111111
1 0.45078125 0.669444444444 0.05859375 0.3
1 0.465625 0.669444444444 0.04765625 0.251388888889
0 0.184375 0.686111111111 0.05 0.218055555556
1 0.678125 0.565277777778 0.046875 0.391666666667
1 0.74609375 0.502777777778 0.1 0.494444444444
