1 0.08359375 0.333333333333 0.05 0.106944444444
1 0.2515625 0.226388888889 0.0578125 0.116666666667
1 0.5 0.377777777778 0.04140625 0.118055555556
1 0.6640625 0.4 0.0671875 0.148611111111
1 0.68671875 0.513888888889 0.06015625 0.144444444444
0 0.16953125 0.202777777778 0.03203125 0.101388888889
0 0.2140625 0.279166666667 0.0546875 0.145833333333
0 0.80234375 0.513888888889 0.04921875 0.127777777778
0 0.30703125 0.198611111111 0.040625 0.105555555556
0 0.5390625 0.45 0.0390625 0.130555555556
0 0.66875 0.425 0.0421875 0.126388888889
0 0.34765625 0.594444444444 0.04296875 0.144444444444
0 0.4765625 0.301388888889 0.04140625 0.113888888889
1 0.3203125 0.595833333333 0.0234375 0.161111111111
