1 0.05234375 0.383333333333 0.03984375 0.1
1 0.22109375 0.229166666667 0.03515625 0.101388888889
0 0.1796875 0.366666666667 0.05390625 0.116666666667
0 0.41953125 0.445833333333 0.05 0.140277777778
0 0.4359375 0.248611111111 0.04140625 0.106944444444
1 0.58515625 0.248611111111 0.03359375 0.0819444444444
0 0.609375 0.290277777778 0.01953125 0.0569444444444
0 0.646875 0.377777777778 0.03046875 0.0902777777778
0 0.78359375 0.241666666667 0.04609375 0.123611111111
1 0.8859375 0.211111111111 0.0375 0.113888888889
1 0.8859375 0.301388888889 0.0328125 0.0930555555556
1 0.83046875 0.466666666667 0.0390625 0.143055555556
1 0.53984375 0.3875 0.04375 0.108333333333
0 0.68984375 0.519444444444 0.040625 0.118055555556
0 0.92890625 0.556944444444 0.05078125 0.143055555556
