0 0.56015625 0.309722222222 0.03359375 0.119444444444
1 0.9171875 0.369444444444 0.04609375 0.163888888889
0 0.91484375 0.379166666667 0.0453125 0.152777777778
0 0.8625 0.368055555556 0.02421875 0.108333333333
1 0.53203125 0.268055555556 0.03125 0.120833333333
1 0.58515625 0.554166666667 0.034375 0.180555555556
0 0.45859375 0.447222222222 0.02578125 0.130555555556
0 0.33828125 0.572222222222 0.0390625 0.144444444444
0 0.15625 0.704166666667 0.05546875 0.168055555556
1 0.14453125 0.661111111111 0.0671875 0.163888888889
