1 0.0359375 0.356944444444 0.05234375 0.111111111111
1 0.18984375 0.270833333333 0.0546875 0.111111111111
1 0.50546875 0.405555555556 0.04375 0.123611111111
1 0.5984375 0.448611111111 0.0609375 0.134722222222
1 0.678125 0.520833333333 0.06640625 0.159722222222
0 0.1 0.2375 0.0390625 0.122222222222
0 0.16171875 0.338888888889 0.04765625 0.125
0 0.69296875 0.502777777778 0.04921875 0.127777777778
0 0.24921875 0.233333333333 0.04765625 0.122222222222
0 0.50859375 0.479166666667 0.04140625 0.1375
0 0.56796875 0.452777777778 0.03984375 0.120833333333
0 0.2515625 0.588888888889 0.04296875 0.144444444444
0 0.428125 0.327777777778 0.05234375 0.145833333333
1 0.1984375 0.581944444444 0.0234375 0.161111111111
