1 0.0390625 0.344444444444 0.05234375 0.111111111111
1 0.19375 0.258333333333 0.0546875 0.111111111111
1 0.50234375 0.394444444444 0.04375 0.123611111111
1 0.60625 0.431944444444 0.0609375 0.134722222222
1 0.68984375 0.5 0.06953125 0.168055555556
0 0.1078125 0.225 0.0390625 0.122222222222
0 0.165625 0.322222222222 0.04765625 0.125
0 0.70546875 0.502777777778 0.04921875 0.127777777778
0 0.253125 0.219444444444 0.04765625 0.122222222222
0 0.5078125 0.465277777778 0.04140625 0.1375
0 0.58203125 0.431944444444 0.0421875 0.126388888889
0 0.278125 0.575 0.04296875 0.144444444444
0 0.4296875 0.320833333333 0.05 0.138888888889
1 0.23515625 0.580555555556 0.0234375 0.161111111111
