0 0.5484375 0.397222222222 0.05546875 0.126388888889
1 0.5375 0.358333333333 0.03203125 0.148611111111
1 0.5328125 0.448611111111 0.03125 0.163888888889
0 0.5546875 0.375 0.0296875 0.151388888889
0 0.4078125 0.343055555556 0.040625 0.152777777778
0 0.24609375 0.390277777778 0.05390625 0.145833333333
1 0.31171875 0.445833333333 0.04296875 0.105555555556
0 0.93828125 0.356944444444 0.0265625 0.131944444444
1 0.8625 0.406944444444 0.0328125 0.106944444444
0 0.95859375 0.480555555556 0.03359375 0.143055555556
