1 0.034375 0.363888888889 0.05234375 0.111111111111
1 0.1890625 0.275 0.0546875 0.111111111111
1 0.503125 0.406944444444 0.04375 0.123611111111
1 0.596875 0.452777777778 0.0609375 0.134722222222
1 0.67578125 0.533333333333 0.06640625 0.159722222222
0 0.09921875 0.2375 0.0390625 0.122222222222
0 0.1609375 0.341666666667 0.04765625 0.125
0 0.690625 0.5 0.04921875 0.127777777778
0 0.246875 0.238888888889 0.04765625 0.122222222222
0 0.51015625 0.481944444444 0.04140625 0.1375
0 0.56484375 0.461111111111 0.03984375 0.120833333333
0 0.23984375 0.594444444444 0.04296875 0.144444444444
0 0.42578125 0.331944444444 0.05234375 0.145833333333
1 0.190625 0.581944444444 0.02421875 0.169444444444
