1 0.0484375 0.384722222222 0.03984375 0.1
1 0.21640625 0.227777777778 0.03515625 0.101388888889
0 0.17578125 0.363888888889 0.05390625 0.116666666667
0 0.4140625 0.45 0.04765625 0.134722222222
0 0.4296875 0.245833333333 0.04140625 0.106944444444
1 0.58125 0.25 0.03359375 0.0819444444444
0 0.61015625 0.293055555556 0.01875 0.0541666666667
0 0.6546875 0.372222222222 0.03046875 0.0902777777778
0 0.78125 0.241666666667 0.04609375 0.123611111111
1 0.884375 0.215277777778 0.0359375 0.108333333333
1 0.88203125 0.301388888889 0.0328125 0.0930555555556
1 0.81953125 0.463888888889 0.040625 0.15
1 0.5515625 0.391666666667 0.04375 0.108333333333
0 0.6796875 0.515277777778 0.04296875 0.123611111111
0 0.92734375 0.559722222222 0.05078125 0.143055555556
