1 0.103125 0.422222222222 0.0359375 0.0902777777778
1 0.2765625 0.230555555556 0.03515625 0.101388888889
0 0.22265625 0.416666666667 0.04921875 0.105555555556
0 0.45859375 0.380555555556 0.0546875 0.0972222222222
0 0.50078125 0.245833333333 0.04140625 0.106944444444
1 0.65078125 0.245833333333 0.03203125 0.0777777777778
0 0.63359375 0.277777777778 0.02109375 0.0597222222222
0 0.6046875 0.365277777778 0.03046875 0.0902777777778
0 0.8265625 0.218055555556 0.04375 0.118055555556
1 0.92109375 0.206944444444 0.0359375 0.108333333333
1 0.9453125 0.293055555556 0.0296875 0.0833333333333
1 0.92578125 0.4625 0.03515625 0.129166666667
1 0.53046875 0.354166666667 0.0421875 0.102777777778
0 0.7296875 0.522222222222 0.0375 0.106944444444
