1 0.48828125 0.223611111111 0.090625 0.227777777778
0 0.26953125 0.245833333333 0.071875 0.155555555556
0 0.5859375 0.177777777778 0.0453125 0.133333333333
1 0.36484375 0.0291666666667 0.04609375 0.113888888889
0 0.39140625 0.358333333333 0.0453125 0.129166666667
0 0.54765625 0.383333333333 0.0578125 0.131944444444
1 0.63515625 0.194444444444 0.046875 0.175
1 0.54765625 0.354166666667 0.06015625 0.225
0 0.33984375 0.493055555556 0.03515625 0.181944444444
0 0.428125 0.158333333333 0.05859375 0.0986111111111
