1 0.1875 0.429166666667 0.053125 0.133333333333
0 0.196875 0.533333333333 0.059375 0.129166666667
0 0.21015625 0.00138888888889 0.0609375 0.108333333333
0 0.6015625 -0.00138888888889 0.03203125 0.0944444444444
1 0.36484375 0.0 0.0359375 0.0888888888889
0 0.2359375 0.420833333333 0.04296875 0.123611111111
0 0.3546875 0.720833333333 0.0640625 0.145833333333
1 0.61015625 0.256944444444 0.0421875 0.159722222222
1 0.5296875 0.588888888889 0.03828125 0.145833333333
0 0.3328125 0.780555555556 0.03203125 0.165277777778
