1 0.6015625 0.3375 0.04375 0.109722222222
0 0.50625 0.429166666667 0.05859375 0.168055555556
0 0.578125 0.361111111111 0.075 0.133333333333
0 0.5109375 0.438888888889 0.0546875 0.155555555556
0 0.35546875 0.348611111111 0.040625 0.177777777778
1 0.64765625 0.525 0.04140625 0.119444444444
1 0.67578125 0.526388888889 0.06484375 0.15
0 0.7375 0.195833333333 0.0421875 0.141666666667
1 0.7859375 0.327777777778 0.06171875 0.148611111111
0 0.6234375 0.405555555556 0.04453125 0.119444444444
0 0.59140625 0.527777777778 0.03046875 0.120833333333
