1 0.18984375 0.338888888889 0.03984375 0.1
1 0.396875 0.101388888889 0.040625 0.118055555556
0 0.27578125 0.316666666667 0.04453125 0.0958333333333
0 0.52890625 0.243055555556 0.05234375 0.0930555555556
0 0.61640625 0.102777777778 0.04140625 0.106944444444
1 0.75703125 0.129166666667 0.03203125 0.0777777777778
0 0.72578125 0.172222222222 0.01953125 0.0569444444444
0 0.68359375 0.252777777778 0.03046875 0.0902777777778
1 0.63828125 0.226388888889 0.03984375 0.0986111111111
0 0.79375 0.415277777778 0.03203125 0.0916666666667
