0 0.2640625 0.286111111111 0.03515625 0.125
1 0.5140625 0.351388888889 0.0375 0.134722222222
0 0.51796875 0.365277777778 0.0390625 0.131944444444
0 0.77265625 0.644444444444 0.0671875 0.265277777778
0 0.884375 0.325 0.034375 0.0944444444444
0 0.93046875 0.372222222222 0.05390625 0.119444444444
1 0.83203125 0.270833333333 0.025 0.0555555555556
0 0.42890625 0.35 0.02890625 0.130555555556
1 0.2453125 0.263888888889 0.02421875 0.0944444444444
1 0.23671875 0.505555555556 0.034375 0.180555555556
0 0.0890625 0.433333333333 0.028125 0.144444444444
