1 0.06875 0.338888888889 0.05 0.106944444444
1 0.2296875 0.2375 0.0578125 0.116666666667
1 0.496875 0.386111111111 0.04140625 0.118055555556
1 0.64609375 0.415277777778 0.0609375 0.134722222222
1 0.68984375 0.516666666667 0.0546875 0.131944444444
0 0.14765625 0.211111111111 0.034375 0.105555555556
0 0.19296875 0.295833333333 0.05234375 0.138888888889
0 0.78203125 0.509722222222 0.046875 0.122222222222
0 0.28515625 0.204166666667 0.04296875 0.111111111111
0 0.5265625 0.456944444444 0.0390625 0.130555555556
0 0.63828125 0.415277777778 0.0421875 0.126388888889
0 0.33984375 0.588888888889 0.04296875 0.144444444444
0 0.45859375 0.3125 0.04140625 0.113888888889
1 0.303125 0.588888888889 0.0234375 0.161111111111
