1 0.04921875 0.409722222222 0.0453125 0.0958333333333
1 0.22890625 0.334722222222 0.0515625 0.141666666667
1 0.415625 0.409722222222 0.03984375 0.1125
1 0.5515625 0.519444444444 0.0640625 0.183333333333
1 0.6 0.673611111111 0.04921875 0.180555555556
0 0.13203125 0.301388888889 0.0375 0.116666666667
0 0.203125 0.391666666667 0.0453125 0.119444444444
0 0.58359375 0.519444444444 0.06796875 0.2
0 0.2921875 0.305555555556 0.04765625 0.122222222222
0 0.53828125 0.533333333333 0.04140625 0.1375
0 0.6046875 0.547222222222 0.04921875 0.145833333333
0 0.1625 0.6 0.04765625 0.158333333333
0 0.43046875 0.404166666667 0.0453125 0.125
1 0.03203125 0.661111111111 0.0296875 0.205555555556
