1 0.1640625 0.338888888889 0.0453125 0.0958333333333
1 0.34609375 0.248611111111 0.02734375 0.0958333333333
1 0.49921875 0.420833333333 0.0390625 0.1125
1 0.709375 0.401388888889 0.0609375 0.134722222222
1 0.6 0.573611111111 0.06328125 0.152777777778
0 0.23515625 0.194444444444 0.03046875 0.0958333333333
0 0.296875 0.315277777778 0.040625 0.104166666667
0 0.834375 0.552777777778 0.05703125 0.148611111111
0 0.39921875 0.194444444444 0.03515625 0.0916666666667
0 0.5625 0.452777777778 0.0375 0.125
0 0.8125 0.390277777778 0.0421875 0.126388888889
0 0.30078125 0.6375 0.04765625 0.158333333333
0 0.52734375 0.2875 0.04296875 0.119444444444
1 0.303125 0.652777777778 0.03203125 0.145833333333
