0 0.4703125 0.423611111111 0.07109375 0.161111111111
1 0.5890625 0.373611111111 0.03203125 0.148611111111
1 0.5671875 0.458333333333 0.03125 0.163888888889
0 0.48046875 0.404166666667 0.034375 0.175
0 0.50390625 0.3875 0.0390625 0.145833333333
0 0.334375 0.381944444444 0.05390625 0.145833333333
1 0.48125 0.440277777778 0.05 0.122222222222
0 0.87734375 0.358333333333 0.025 0.125
1 0.79609375 0.4125 0.0296875 0.0972222222222
0 0.7171875 0.477777777778 0.02890625 0.123611111111
0 0.775 0.429166666667 0.03671875 0.152777777778
